10 731
906 301
334 255
300 181
151 753
926 237
229 797
938 362
498 917
409 660
201 38
45 237
195 30
467 834
13 422
270 466
449 304
687 476
321 835
652 282
854 96
957 460
952 36
935 847
131 533
233 773
520 837
710 455
64 52
562 645
894 793
95 116
518 472
9 349
567 832
120 819
192 204
934 299
193 246
259 987
227 385
193 147
969 259
840 381
808 229
171 159
118 742
134 547
848 362
795 230
472 103
491 202
606 800
478 615
415 12
114 558
783 501
985 670
139 484
797 412
916 884
116 464
191 324
848 536
31 69
722 474
776 545
708 87
520 880
884 601
357 694
879 613
765 362
388 78
724 710
852 317
136 916
208 295
830 929
403 121
157 793
946 410
704 579
359 837
854 110
957 301
853 917
147 675
348 677
931 452
274 49
376 650
958 765
198 540
502 464
613 848
185 581
234 164
158 95
149 4
403 895
743 336
224 929
681 307
218 501
994 306
102 331
697 992
178 325
59 633
527 572
968 346
937 798
415 334
563 224
369 62
194 982
990 383
879 273
742 856
661 33
742 337
549 354
65 987
531 668
287 243
63 901
686 266
150 775
18 368
29 393
71 19
153 819
808 708
73 626
377 940
490 755
633 398
291 74
278 473
271 224
737 530
489 355
73 101
93 861
483 777
76 514
404 146
637 483
922 426
916 937
637 983
218 238
398 249
304 268
44 348
309 525
156 83
434 341
606 149
251 455
198 174
386 491
391 298
318 203
340 118
36 330
311 136
915 531
514 633
259 589
87 247
718 181
472 520
625 722
447 679
458 610
660 956
902 30
642 364
878 504
157 933
112 505
413 901
157 408
132 256
923 439
478 795
851 826
888 252
955 138
473 341
173 73
223 533
665 429
136 785
773 364
69 737
917 810
534 994
748 412
161 637
394 298
744 792
114 978
820 380
832 230
803 639
797 493
520 629
490 739
132 114
22 537
227 545
912 44
662 801
685 414
681 68
488 49
594 248
638 92
463 964
477 690
266 882
295 293
576 853
360 788
420 963
575 558
255 594
201 740
828 85
917 153
139 103
880 333
888 57
337 452
24 56
21 937
408 252
222 449
3 384
688 750
927 740
802 987
755 224
200 600
718 983
237 93
427 999
443 608
889 799
612 901
990 328
395 908
399 160
732 648
946 119
578 562
732 460
538 782
275 551
885 663
13 277
205 364
558 954
788 433
761 625
176 467
696 940
325 374
873 657
452 458
282 638
68 345
5 863
215 424
460 415
967 480
834 260
272 870
213 247
470 419
477 289
417 380
917 3
69 658
601 524
15 524
483 139
871 687
163 557
699 421
711 476
419 435
488 76
182 272
178 467
93 243
747 190
538 336
922 292
379 52
701 370
167 217
749 306
772 210
650 205
763 464
236 143
531 907
155 551
916 831
628 157
179 69
931 919
685 926
629 309
89 187
178 87
209 999
354 658
140 526
398 753
891 282
866 231
470 86
987 350
679 937
244 818
756 90
449 536
598 712
707 915
832 145
754 135
666 559
884 66
288 711
974 438
852 742
306 293
672 543
771 559
314 547
929 636
347 126
166 628
274 485
959 904
169 981
787 762
561 571
364 547
629 512
890 755
602 843
609 407
286 140
658 833
880 589
442 342
493 485
818 522
850 351
383 416
86 341
426 28
17 813
620 900
92 178
136 498
95 5
557 452
618 50
664 90
274 845
740 871
892 185
34 216
107 769
326 691
791 281
900 342
76 467
262 836
386 662
845 116
922 880
245 859
393 909
371 434
532 239
627 458
119 625
69 530
983 913
859 629
676 350
670 330
127 44
434 243
767 547
285 468
219 717
167 796
374 486
939 797
143 574
273 874
433 885
701 639
368 72
835 673
351 987
301 794
414 272
894 859
948 385
827 103
413 31
524 201
549 373
121 748
484 99
310 169
564 816
165 850
494 116
961 550
954 429
869 686
193 513
123 29
111 478
226 509
570 605
119 209
430 190
432 238
453 54
855 98
687 384
163 573
50 828
777 507
29 832
170 998
333 923
50 44
966 853
948 461
166 719
33 753
81 574
146 524
218 283
887 370
910 191
943 875
533 303
903 118
838 453
132 131
989 125
220 533
725 217
183 644
125 769
533 393
539 579
849 486
614 873
974 289
999 698
284 995
647 984
625 799
310 811
107 436
909 585
865 284
404 847
271 849
893 128
934 657
367 882
56 415
954 665
265 929
883 501
338 34
922 546
469 378
980 214
353 530
701 469
805 13
228 678
323 880
255 335
940 460
200 691
606 994
971 524
904 263
553 481
890 960
925 562
474 346
527 731
263 681
769 898
962 636
100 257
811 397
779 182
501 19
898 968
217 305
582 656
195 374
380 330
592 968
407 264
882 970
233 217
104 67
528 529
993 21
983 320
199 443
487 893
407 90
491 701
523 332
975 804
539 134
316 199
219 103
454 808
442 320
401 244
935 36
552 727
51 521
693 443
728 212
348 728
410 125
574 85
811 947
304 702
117 964
531 979
149 873
964 377
444 63
7 397
763 346
749 198
274 943
357 644
230 12
200 329
336 405
336 722
849 305
775 581
348 848
756 316
884 120
160 998
157 390
566 707
344 443
255 701
702 23
816 411
858 872
417 309
938 395
999 516
972 991
58 940
683 401
952 154
996 86
465 421
538 553
724 658
482 698
935 588
650 307
948 831
980 646
971 950
45 769
696 544
503 144
141 673
274 638
904 693
712 271
151 474
109 758
150 267
904 105
446 455
242 60
478 541
471 237
758 855
834 403
102 306
410 310
75 890
42 445
825 44
183 412
94 209
796 182
112 29
530 714
998 112
287 926
48 483
354 295
798 971
877 739
851 247
465 348
923 986
403 427
816 537
284 147
5 275
591 642
672 860
358 247
751 398
347 645
714 810
388 441
953 711
845 761
372 972
924 189
213 564
544 635
366 315
668 830
25 889
531 90
237 411
8 159
246 233
886 166
497 920
156 412
779 532
877 76
887 256
125 939
600 938
675 780
422 678
830 883
927 894
342 400
96 919
630 653
230 771
17 153
279 728
14 647
923 778
322 996
568 599
19 773
550 227
69 475
171 411
248 40
898 946
416 274
684 697
829 928
94 581
389 287
998 680
659 105
439 658
987 354
553 92
764 924
91 609
166 709
957 422
45 214
549 810
620 552
373 710
582 674
357 684
866 474
313 751
884 670
507 519
569 943
920 347
219 227
986 663
51 87
36 438
241 335
473 443
471 695
893 252
923 736
305 517
53 392
981 875
700 221
694 746
480 610
647 252
112 692
617 396
11 671
944 931
132 290
349 944
672 256
422 672
49 83
689 671
295 809
346 402
432 908
528 37
686 465
123 393
301 559
391 372
141 390
139 98
466 542
109 837
951 108
624 550
699 199
396 64
412 264
127 501
774 348
949 876
312 857
606 752
689 78
530 535
940 123
881 436
441 661
608 11
553 78
244 756
801 145
947 42
425 916
918 488
302 614
331 582
605 249
128 66
726 282
892 341
967 856
588 942
208 820
432 249
907 361
762 226
254 558
491 290
25 870
972 855
20 459
114 735
647 104
979 765
454 233
367 326
368 574
515 379
658 166
512 54
671 782
676 342
972 658
327 258
581 875
394 582
89 564
252 917
915 151
73 926
919 1
450 582
110 1
958 332
43 243
117 735
822 927
188 158
995 25
945 972
900 472
848 257
281 605
513 414
116 53
814 390
131 964
253 717
302 461
198 63
747 18
23 44
850 752
380 717
796 39
80 999
225 893
563 979
619 196
955 188
349 856
932 420
102 969
834 824
189 969
155 267
141 475
404 468
384 157
303 160
27 474
913 859
640 327
344 204
504 197
666 12
279 345
816 465
954 270
667 579
179 477
224 239
142 183
468 565
79 955
497 916
425 927
99 705
91 199
164 252
38 656
374 362
10 512
44 243
420 636
596 877
748 845
255 370
352 400
422 794
585 735
765 249
672 111
125 250
619 103
496 557
735 338
441 683
586 671
995 49
364 633
26 849
208 181
921 837
478 24
115 845
860 216
852 610
837 535
195 579
712 661
886 294
547 609
809 177
101 83
242 45
369 147
524 196
95 529
362 807
104 321
37 71
867 231
1 9
444 885
159 716
927 709
773 636
703 596
653 810
617 438
227 984
729 902
881 570
219 802
419 365
105 405
622 703
524 913
884 41
911 358
618 329
977 852
277 469
216 117
12 460
980 406
111 377
551 94
996 876
249 660
492 265
801 604
313 116
978 202
989 643
778 844
559 117
590 513
656 391
74 169
273 908
186 347
713 200
871 102
337 931
2 493
777 673
684 858
920 580
195 239
375 977
941 933
307 861
692 370
763 725
438 934
898 257
80 319
21 953
470 286
555 112
972 893
609 904
754 411
935 658
99 128
600 780
639 680
105 897
345 93
388 661
876 828
54 711
982 80
762 83
775 568
798 901
154 789
882 655
149 459
962 72
662 560
554 378
759 441
925 98
797 677
653 168
595 863
589 580
559 489
198 945
198 175
226 683
820 186
897 434
623 111
454 747
328 243
369 474
850 350
355 615
609 387
257 824
46 238
879 638
885 20
20 197
159 193
598 626
288 498
30 397
993 941
22 728
417 657
827 798
92 119
987 320
988 450
400 749
582 624
408 988
197 102
172 393
548 858
779 529
432 308
592 410
522 226
501 911
153 324
891 125
995 307
847 428
433 855
62 213
842 434
382 835
426 809
533 170
671 5
907 30
340 375
209 79
550 948
176 49
417 837
858 150
59 401
498 988
118 163
629 198
404 394
271 434
622 683
900 484
642 79
71 312
599 53
53 441
639 887
955 42
56 533
408 974
714 294
398 2
809 961
924 534
345 411
480 458
845 857
131 672
259 203
406 485
881 281
757 931
879 37
289 925
308 239
249 863
919 610
222 613
731 934
445 376
385 663
782 892
925 276
98 122
975 516
659 348
661 312
701 841
609 811
408 679
168 373
175 104
630 253
512 36
470 723
84 916
202 24
843 578
209 106
297 217
384 688
817 983
550 572
51 609
672 270
524 350
325 434
333 572
479 770
346 600
890 753
392 865
750 793
568 336
387 82
537 990
580 910
896 283
649 848
627 654
521 74
790 841
293 886
445 2
503 227
134 566
756 521
413 166
249 465
679 428
486 915
239 27
951 856
303 393
60 449
709 972
19 206
456 917
937 219
474 892
367 996
335 998
647 261
38 777
341 369
729 213
991 440
426 64
842 745
871 339
256 47
55 775
678 604
637 351
900 168
937 455
581 273
650 329
310 94
320 714
821 959
497 612
620 477
944 108
549 400
602 302
237 851
882 214
512 838
720 856
837 727
947 618
917 343
663 855
137 540
301 463
790 248
524 974
967 375
693 876
240 507
447 425
114 254
937 333
371 682
327 210
50 62
40 623
503 924
152 27
396 103
482 595
918 430
467 621
680 58
345 37
785 961
848 633
871 924
139 614
612 164
25 76
188 791
318 189
66 166
558 635
529 712
987 476
243 486
491 771
262 492
223 760
997 623
169 410
239 151
199 389
607 543
38 146
430 78
956 932
361 911
575 202
977 573
494 395
556 694
192 981
15 969
982 791
911 195
2 762
748 772
665 700
317 951
611 469
503 934
621 684
429 597
637 972
395 250
601 859
286 79
729 799
47 940
813 987
697 44
689 811
904 100
762 18
100 374
379 941
665 393
280 646
833 710
586 891
781 634
865 943
894 966
747 926
406 869
692 680
8 536
35 90
878 994
624 758
167 936
216 505
49 449
721 894
271 402
349 903
980 769
724 296
82 981
654 632
707 982
328 249
871 468
303 248
670 161
258 176
267 839
720 452
827 468
444 561
946 138
150 926
508 119
778 259
101 962
412 267
912 18
223 594
414 566
923 468
98 261
651 411
892 569
321 339
978 905
628 817
174 128
245 99
21 38
620 789
826 53
550 343
533 58
186 417
156 125
780 726
567 145
38 688
603 718
255 248
871 21
738 668
54 84
402 348
601 477
799 955
529 564
945 846
374 633
31 819
848 532
242 159
951 903
359 961
15 394
211 608
331 299
147 866
483 149
844 353
673 356
89 695
395 257
328 989
604 277
187 238
856 573
335 790
88 398
823 290
48 503
923 819
35 754
373 737
214 421
354 320
49 435
250 763
776 201
575 940
955 926
766 88
302 518
127 600
514 327
936 754
963 586
206 596
671 176
47 254
853 612
772 780
268 279
581 685
268 200
675 574
235 855
74 722
721 934
166 428
882 932
114 429
253 705
679 98
754 23
671 416
762 563
790 277
73 667
337 96
541 463
664 92
134 392
73 192
921 862
591 973
820 120
293 888
78 329
311 776
382 175
866 958
797 231
253 731
104 198
320 285
411 59
722 697
736 994
204 50
532 708
133 398
5 51
785 363
87 133
368 79
93 327
509 772
711 442
518 103
151 613
501 101
808 956
415 560
901 309
721 657
956 327
730 945
900 974
726 152
820 750
735 701
609 660
122 572
847 583
877 250
536 592
317 903
593 596
458 1
2 369
103 838
51 441
177 758
66 459
954 887
41 717
464 406
947 932
710 385
926 147
934 497
585 665
546 777
976 236
674 724
288 617
436 704
846 878
176 723
772 664
97 993
814 97
583 372
559 500
383 403
949 213
655 448
359 153
835 549
36 831
708 579
914 906
450 153
772 851
277 77
8 636
661 668
199 943
409 43
479 903
962 265
645 647
514 869
953 630
805 377
136 820
167 35
232 258
911 694
986 453
636 30
63 161
110 480
282 622
990 494
719 385
57 630
490 995
754 693
5 492
692 887
366 535
177 352
221 377
27 244
289 838
129 847
502 864
278 178
668 566
119 908
623 114
142 364
945 417
103 296
778 820
786 508
117 585
342 455
461 487
731 920
201 984
404 439
318 261
127 271
29 386
797 529
863 264
443 204
297 411
142 943
986 730
28 546
959 322
961 28
487 802
490 756
272 125
11 443
134 904
454 213
796 556
176 598
236 187
745 490
955 414
328 890
849 715
618 605
180 675
856 632
847 472
732 672
999 808
14 191
694 492
388 599
56 805
563 243
442 129
410 435
510 536
657 634
929 397
510 892
162 407
930 47
740 965
7 990
364 815
413 437
193 435
412 243
346 190
1 903
345 414
670 942
798 835
959 644
840 34
783 566
357 30
269 753
202 905
180 46
152 702
305 93
228 560
124 952
239 655
932 105
207 807
730 562
688 234
360 487
748 682
310 725
716 37
578 252
205 406
816 392
400 331
691 947
741 682
144 259
890 858
804 188
615 909
512 616
693 75
328 495
335 290
563 409
898 652
455 347
91 949
103 924
129 984
966 196
608 864
590 668
57 893
26 989
986 3
24 463
144 296
544 567
585 12
411 213
606 913
552 109
238 116
883 142
718 583
571 717
573 496
628 614
897 107
791 134
721 540
110 340
535 934
438 945
570 784
2 238
231 257
29 635
172 505
296 240
795 386
622 89
649 536
494 875
578 910
250 779
101 783
516 842
712 23
622 481
900 191
25 783
900 57
147 595
130 893
42 307
875 407
798 614
524 404
274 970
541 823
852 163
192 990
696 840
660 946
501 490
671 883
904 205
6 823
74 625
988 740
316 839
297 280
423 450
191 295
22 929
654 573
595 243
490 80
114 277
960 536
91 982
739 43
656 637
536 418
45 312
258 187
155 142
437 588
208 606
262 650
285 296
986 295
369 866
970 502
505 301
540 835
839 783
965 186
776 572
977 479
340 9
954 172
779 313
838 565
685 791
160 255
881 516
426 971
660 89
137 647
353 174
59 650
550 175
732 148
973 728
803 840
268 55
781 67
842 430
655 482
580 974
967 479
499 221
494 960
781 347
593 564
805 399
5 579
10 862
643 87
673 657
686 897
576 99
601 503
47 255
817 318
458 654
262 207
104 276
633 62
813 781
790 734
921 520
293 798
899 44
722 643
876 537
138 577
259 459
371 162
19 792
581 18
412 217
567 220
92 684
336 88
78 441
335 803
621 37
445 287
932 613
796 412
270 256
942 227
886 822
849 173
14 515
69 785
390 311
856 931
412 918
685 392
958 773
460 112
820 363
899 644
380 296
464 407
646 282
560 117
461 988
541 678
603 809
883 784
637 98
969 820
285 838
385 847
371 694
912 42
871 819
504 179
301 860
922 948
525 727
774 474
559 554
574 695
860 277
653 580
424 692
23 976
357 233
995 703
141 809
787 308
645 873
473 959
757 1
690 819
397 271
567 860
38 384
520 985
268 92
943 76
792 537
645 179
483 177
622 414
265 816
639 615
88 436
921 372
546 552
374 842
588 709
294 658
605 956
245 186
122 14
978 930
256 607
478 6
188 669
857 636
149 323
839 180
325 243
209 577
569 642
123 631
331 900
142 864
866 167
24 611
996 581
923 948
524 749
570 280
211 806
218 640
405 857
346 267
691 881
327 451
385 323
113 43
504 203
1000 816
32 704
794 431
209 683
249 326
231 990
945 219
524 252
335 680
381 370
352 161
491 543
487 550
700 597
691 100
847 913
113 247
206 244
776 893
708 237
486 596
720 110
659 568
377 692
537 264
522 671
925 676
932 280
553 357
399 543
723 936
425 203
860 701
438 234
393 554
231 44
797 364
460 998
280 388
338 114
207 513
42 682
259 175
423 144
360 450
852 96
386 735
173 808
84 356
198 504
383 73
15 166
292 612
127 874
701 112
924 442
868 138
264 485
50 949
413 444
643 454
731 740
561 588
435 929
964 145
513 211
92 726
767 682
427 409
443 626
159 553
691 247
742 110
486 18
431 248
323 292
710 721
135 876
238 857
531 92
237 467
44 78
297 646
959 448
935 468
636 767
740 130
903 96
501 516
640 432
573 480
579 857
332 936
326 200
221 672
439 888
369 684
848 761
936 319
968 357
456 749
847 843
557 654
631 680
122 484
566 861
596 269
602 84
940 505
440 871
471 94
606 276
969 390
482 726
96 720
179 629
623 914
82 91
376 493
653 380
12 132
878 520
907 286
180 581
855 99
397 911
508 263
419 249
331 873
204 365
207 761
295 472
78 695
818 238
91 329
876 609
170 680
415 604
213 581
943 938
82 807
212 553
604 533
412 830
421 599
979 787
943 812
639 860
861 369
11 79
191 503
483 971
404 208
619 847
117 489
234 731
180 596
950 913
727 252
962 155
482 981
632 375
880 461
751 45
537 683
83 815
827 670
829 931
198 426
737 309
83 151
723 729
17 656
532 106
825 471
309 373
196 630
287 861
477 372
36 109
57 294
702 744
534 251
337 852
892 233
704 773
603 576
368 358
310 999
338 575
159 195
561 181
27 325
705 582
637 120
576 776
377 635
107 328
891 467
234 396
179 390
122 966
241 978
294 64
951 458
528 548
13 997
757 110
597 123
699 286
315 472
596 134
337 317
734 542
189 487
940 429
829 163
142 791
501 421
53 376
67 99
306 299
880 512
395 258
360 359
969 614
316 633
429 700
49 976
476 276
595 471
407 767
608 151
142 722
423 670
99 98
9 928
849 875
532 155
436 46
723 981
926 286
773 655
504 719
20 717
778 181
564 786
735 558
232 649
447 235
948 38
42 95
804 91
323 921
14 687
986 822
970 751
918 566
950 520
53 593
944 479
58 24
259 520
902 775
945 129
897 184
356 174
349 770
156 362
373 837
976 395
472 540
69 4
304 328
16 351
674 425
138 364
910 871
963 62
111 560
994 390
454 464
865 513
322 85
176 970
740 363
957 841
874 308
204 858
782 869
628 813
766 107
981 904
810 859
945 38
994 438
334 734
891 981
945 189
492 19
714 606
417 391
714 993
25 973
550 994
542 558
522 898
521 328
623 148
686 517
132 478
302 752
68 93
614 634
693 563
763 511
295 583
658 350
596 689
336 767
96 108
773 685
886 527
191 948
808 281
190 526
814 711
289 69
200 445
68 283
478 215
484 503
978 221
361 50
608 410
489 429
692 24
134 516
566 341
891 464
458 110
927 663
94 45
238 908
534 67
375 903
597 378
41 97
482 358
108 977
644 105
798 208
847 616
254 575
87 286
821 650
848 694
924 810
251 986
763 490
774 761
995 403
40 998
687 4
254 172
712 586
836 249
412 59
780 593
106 169
665 399
746 22
759 420
688 966
755 529
396 843
179 324
595 388
452 96
818 613
302 986
159 258
733 643
880 103
481 636
28 126
727 985
590 152
296 259
659 410
921 208
379 705
684 242
393 840
792 23
69 503
385 394
952 455
785 299
2 27
352 146
314 449
178 492
324 507
237 890
86 929
737 571
355 832
810 181
616 174
960 70
169 272
230 841
391 923
959 713
990 661
948 323
407 895
114 112
163 1
733 262
353 983
55 406
37 416
192 264
545 343
740 630
354 294
642 367
347 524
216 760
634 296
958 327
10 578
455 97
56 399
225 456
644 441
402 328
666 478
777 339
668 412
425 197
355 223
884 620
822 417
746 152
963 936
386 841
633 625
210 622
638 741
655 698
263 968
483 10
976 636
186 983
296 15
523 419
504 971
820 36
533 469
868 851
660 962
865 870
201 972
379 438
85 142
916 65
122 225
559 678
568 71
523 89
337 654
273 262
610 110
735 255
979 374
780 346
878 920
494 863
698 176
375 919
320 679
806 774
857 346
891 979
115 699
600 774
719 545
907 11
390 64
495 193
873 128
104 201
627 919
598 865
86 205
801 997
256 131
74 147
6 832
280 441
901 97
806 765
248 172
115 848
411 482
901 809
321 983
947 401
300 835
376 297
761 416
4 65
271 939
967 720
496 458
326 861
278 744
710 749
8 947
550 359
766 689
218 364
326 142
282 566
575 29
63 289
953 456
981 649
803 696
107 316
779 212
210 364
722 278
586 763
489 795
889 825
680 597
293 588
930 499
269 640
704 229
447 844
388 194
383 783
76 633
904 22
509 305
14 740
518 934
947 205
970 593
446 647
277 543
189 439
489 635
295 146
67 179
31 455
681 877
294 878
333 31
913 576
193 828
404 342
192 19
20 444
653 153
125 845
580 289
661 361
358 249
980 448
568 210
769 976
646 325
705 985
749 518
486 976
673 545
509 875
398 368
583 61
616 810
182 668
617 295
79 280
801 34
336 728
940 254
357 976
611 335
481 744
861 325
934 382
113 908
315 84
520 925
839 150
432 441
672 978
72 486
820 719
693 358
762 138
456 925
814 658
865 659
280 743
623 230
705 198
158 92
744 269
658 985
1000 281
868 708
42 980
142 938
948 475
945 515
237 307
784 374
977 654
690 120
913 203
526 874
190 643
605 187
241 887
261 330
557 919
662 170
780 815
519 67
360 934
349 108
528 569
152 879
495 348
883 76
986 527
818 600
105 836
242 787
1000 200
394 727
272 747
114 24
811 698
260 938
737 126
374 184
8 722
935 777
742 967
60 368
494 75
23 686
871 453
503 293
431 623
808 644
278 845
211 949
224 508
149 391
536 659
525 519
150 93
911 584
911 348
591 282
819 48
349 829
740 941
141 166
289 196
477 390
178 748
943 876
865 989
582 641
5 536
415 13
192 703
463 559
280 514
382 545
808 502
401 725
974 687
764 425
878 295
317 96
473 895
965 920
985 164
779 675
283 142
201 356
880 900
860 794
117 905
295 673
620 456
607 469
985 428
789 562
686 613
377 248
263 490
301 24
517 708
243 590
875 242
685 494
733 59
400 423
413 737
420 564
221 355
811 464
935 311
698 138
643 806
778 373
188 975
812 272
2 70
843 428
609 316
651 362
516 664
238 882
178 818
259 658
547 834
9 452
803 790
158 875
351 530
201 186
808 308
741 556
852 108
357 591
653 718
743 915
642 60
433 843
621 75
180 595
18 523
282 904
398 402
769 345
167 526
342 518
729 892
429 393
440 390
76 405
331 953
939 430
39 649
680 666
770 944
643 661
624 969
149 983
799 434
402 745
951 720
183 239
771 887
919 903
800 619
306 373
236 242
588 923
322 830
244 591
171 593
247 414
99 843
982 729
458 967
39 826
426 752
982 804
135 229
358 638
137 475
562 565
754 733
524 520
817 295
48 137
810 820
138 642
336 418
272 156
468 350
854 931
755 640
12 355
859 798
851 74
964 228
42 190
555 940
368 70
583 252
245 103
630 545
628 497
200 42
640 712
15 459
701 906
514 876
533 117
241 216
649 322
75 638
252 603
639 399
544 506
941 52
157 893
327 470
567 558
356 768
502 962
248 489
990 625
70 792
437 154
106 213
390 561
656 14
892 74
741 960
975 521
762 511
38 859
457 614
191 971
157 497
112 370
332 116
263 88
954 735
475 878
531 547
981 158
702 568
307 365
205 361
284 932
698 2
75 659
992 877
306 628
114 666
614 535
453 690
581 918
942 578
553 162
223 734
974 935
312 55
329 156
980 265
430 11
840 997
936 733
739 751
127 313
683 273
743 911
91 531
723 113
903 557
869 286
346 799
119 522
836 693
858 877
613 371
357 816
399 241
345 786
239 274
662 123
264 434
979 133
234 721
66 549
193 649
720 118
954 575
271 675
414 516
473 169
643 907
752 674
950 846
6 248
909 160
15 294
909 58
98 69
618 5
35 857
319 26
572 674
664 976
707 454
510 368
455 10
661 539
38 966
798 629
300 837
598 105
823 399
523 464
488 907
803 47
129 737
967 1
792 448
159 325
872 369
901 64
423 391
469 594
676 987
594 841
752 580
358 71
178 863
323 966
666 429
675 362
291 502
887 248
872 652
862 580
166 731
422 555
237 392
870 513
535 300
680 290
138 368
169 88
856 452
598 180
532 242
506 794
200 806
676 57
773 618
408 518
731 437
644 613
112 771
488 509
713 421
234 549
321 461
91 959
954 860
400 580
636 697
378 56
670 922
508 516
732 230
497 31
918 369
690 66
354 251
363 20
997 228
512 562
596 231
39 249
538 274
267 140
258 938
45 279
115 593
158 73
192 636
386 701
977 480
742 931
413 937
515 630
138 963
796 842
396 736
794 500
853 65
739 451
590 188
950 800
109 843
312 22
865 946
395 517
173 368
250 173
525 330
474 72
783 312
480 1
239 956
72 677
602 886
292 144
275 521
261 913
9 96
308 926
637 752
605 660
240 676
697 501
225 394
267 806
216 270
171 949
829 452
120 785
818 532
16 714
535 986
767 892
468 862
832 506
132 24
111 399
905 832
332 374
675 911
848 319
565 157
210 863
62 304
924 423
903 632
359 657
425 809
217 908
357 531
988 292
974 690
413 718
687 645
295 433
322 73
212 409
226 488
749 318
572 987
939 260
354 10
140 74
537 80
407 358
773 526
521 60
697 959
703 25
986 800
605 209
78 190
994 637
343 634
116 364
339 21
100 401
614 390
78 973
797 271
820 965
196 670
639 905
383 702
388 159
184 280
33 26
147 474
911 283
864 249
687 945
340 919
93 681
429 823
21 789
888 382
405 869
571 31
303 40
469 370
899 238
706 975
576 580
750 711
482 685
766 274
604 170
413 384
334 805
549 519
914 840
973 949
588 917
34 381
754 975
809 512
288 814
560 123
567 386
266 970
879 269
394 614
615 463
797 420
222 357
698 633
640 39
751 577
353 309
383 210
471 780
657 690
668 414
10 764
33 406
715 751
429 111
618 904
777 737
203 676
279 224
424 909
933 838
13 533
883 568
106 686
681 376
798 616
13 378
320 985
312 772
37 926
220 254
40 665
716 494
600 284
44 784
801 543
502 43
217 140
940 906
125 488
43 532
76 897
287 231
713 784
951 742
578 983
138 995
704 605
517 158
331 67
870 621
274 834
665 131
10 736
830 416
916 690
358 121
243 502
206 470
119 989
63 126
480 928
86 368
301 77
441 336
448 26
594 290
163 770
846 130
804 664
26 274
630 227
941 758
103 855
535 177
168 380
500 611
933 457
633 826
502 772
128 330
537 304
176 262
456 102
113 590
696 505
211 586
20 788
752 31
32 715
582 356
832 823
617 817
314 608
359 462
948 540
813 837
743 995
403 811
471 591
549 647
134 217
974 198
88 523
944 829
741 361
924 400
533 6
315 4
436 464
504 353
786 50
664 187
975 911
425 450
84 453
202 58
284 713
585 794
73 23
858 493
955 7
976 511
539 747
259 157
507 245
96 479
551 23
415 160
814 408
591 106
603 400
789 846
554 148
777 455
48 296
495 83
277 47
26 371
434 522
731 778
288 993
604 585
773 908
747 87
485 943
227 320
399 463
56 840
493 743
42 341
105 584
106 683
141 620
899 787
660 481
934 917
54 910
285 128
883 622
779 482
383 932
994 900
770 757
444 730
753 305
651 204
696 801
767 746
36 583
594 58
493 608
681 159
308 725
574 510
735 560
879 858
760 256
699 224
231 763
1 317
753 187
28 920
831 99
792 176
350 311
319 851
680 114
523 992
426 727
750 777
845 195
282 683
708 863
118 610
488 943
517 548
969 16
628 61
143 591
808 42
169 308
186 99
629 519
565 974
857 86
469 216
993 571
107 376
908 864
453 306
65 382
554 914
548 511
494 441
375 627
533 248
746 501
581 755
318 3
980 538
101 857
592 485
350 120
838 425
429 803
843 130
505 805
887 680
849 312
727 161
502 695
437 711
606 941
831 379
830 138
319 62
703 975
170 172
211 773
179 778
149 165
24 555
40 559
562 927
464 976
346 94
907 211
919 742
566 213
611 148
808 105
467 471
179 971
801 256
951 557
738 471
781 920
509 643
614 442
574 451
36 802
923 952
502 257
345 784
580 372
607 940
442 855
555 790
207 8
149 36
412 702
116 397
665 29
709 813
77 585
749 276
330 442
835 587
249 176
836 45
524 4
288 475
499 489
698 824
372 201
932 976
791 199
568 51
526 1000
758 512
741 522
176 706
924 612
785 641
96 944
924 606
173 42
632 854
291 387
981 959
520 653
18 90
736 507
367 754
233 772
864 509
728 39
482 59
609 249
456 425
111 957
484 201
624 331
548 980
495 912
830 59
84 965
324 913
75 308
196 688
898 509
534 109
630 616
836 874
558 378
839 140
777 900
990 773
122 240
60 821
751 217
337 770
969 894
916 342
690 404
647 177
905 672
432 121
425 484
166 853
983 789
381 906
239 494
354 859
458 852
946 436
716 849
145 560
734 732
76 799
314 11
260 926
100 222
773 703
822 130
26 716
915 551
3 987
328 548
552 764
169 42
733 214
700 148
711 404
869 825
712 482
495 797
981 929
432 416
611 930
584 273
767 686
141 619
793 321
229 79
844 719
317 928
4 168
747 35
72 939
641 900
294 583
416 889
387 818
743 828
358 569
739 224
923 198
813 721
613 976
787 93
270 607
613 267
398 19
412 5
984 948
672 954
179 993
154 394
51 260
609 896
239 958
864 70
363 550
307 304
682 260
190 411
668 19
445 364
617 606
45 739
925 630
38 901
590 652
933 653
89 329
715 286
737 988
692 662
865 421
503 727
396 179
714 330
137 54
47 887
606 413
52 776
114 172
807 547
509 238
702 908
188 646
419 200
944 919
82 59
196 714
751 996
789 988
56 270
100 410
717 356
652 73
474 467
500 377
691 470
983 562
343 394
420 867
205 811
465 490
828 125
934 16
350 423
6 220
571 504
123 216
858 190
590 395
24 500
941 109
564 891
114 998
736 758
676 619
906 700
426 16
140 682
994 925
607 805
419 882
323 161
327 70
298 969
948 576
454 691
187 367
792 187
495 643
493 85
592 989
393 145
259 545
747 493
280 448
544 429
424 131
550 299
526 569
275 329
399 415
563 867
633 451
270 117
378 801
702 649
154 144
553 834
149 924
463 543
496 928
920 571
893 166
860 254
411 206
353 294
820 109
755 834
603 776
904 806
423 66
18 775
756 107
998 334
881 262
616 820
340 479
767 178
303 500
6 541
262 973
323 942
784 915
85 904
537 250
485 596
212 443
771 575
495 980
366 356
705 48
112 954
196 391
531 675
383 661
617 292
247 267
715 879
592 162
800 477
493 695
923 311
458 9
455 758
275 101
432 753
448 902
471 754
704 307
928 110
802 721
886 302
373 507
176 981
90 418
646 876
991 571
496 340
778 320
364 70
644 946
372 198
412 703
654 1
616 339
811 728
40 377
571 974
363 408
420 224
756 51
776 629
230 386
272 7
145 905
377 270
276 197
761 222
411 319
850 447
171 584
629 191
296 571
222 766
47 215
101 314
886 657
647 472
101 863
907 517
416 167
395 792
750 576
969 165
677 741
683 581
464 45
122 822
812 787
52 97
704 312
410 796
393 148
621 305
380 498
322 621
347 788
623 639
705 17
509 754
746 471
570 514
230 424
98 120
79 383
302 637
539 435
313 876
758 637
12 255
35 872
285 440
674 157
684 464
206 35
146 530
160 256
261 827
668 133
27 522
975 482
904 563
507 901
233 671
380 400
311 253
851 622
31 366
171 314
21 198
979 307
996 955
187 218
370 794
476 333
245 855
725 521
747 278
754 563
877 816
157 752
166 447
899 775
793 788
182 465
193 286
423 252
146 99
777 941
197 15
373 601
803 594
920 417
27 729
689 703
373 433
588 657
366 634
149 136
870 861
544 805
365 896
60 996
954 202
954 215
67 320
761 155
45 511
805 228
358 763
971 578
727 69
501 828
35 272
156 222
469 114
390 724
937 261
344 274
640 593
585 40
7 769
563 328
159 982
200 345
255 841
4 174
767 748
165 913
235 203
18 938
432 911
546 788
140 365
129 181
419 660
596 668
867 808
312 744
68 481
195 774
669 939
794 386
143 27
981 90
767 956
343 853
104 717
173 697
952 396
589 885
967 770
301 228
568 217
860 680
789 587
774 49
661 217
456 331
745 746
323 776
155 570
147 213
422 12
857 204
105 348
789 582
947 548
349 480
97 985
293 323
190 806
684 87
939 963
752 16
322 403
552 880
662 377
914 381
151 237
466 666
639 58
224 173
490 824
758 459
847 197
253 750
780 274
207 532
40 378
424 648
928 632
198 831
625 224
421 962
582 285
569 834
135 792
541 794
506 220
757 854
556 286
517 650
917 663
159 501
333 16
497 103
187 869
881 596
868 427
108 829
905 148
313 107
926 389
810 974
927 146
917 294
50 581
233 434
215 489
621 693
985 404
991 426
633 258
833 321
123 24
298 835
690 727
295 438
902 712
688 439
628 737
829 317
478 381
327 365
999 246
435 980
53 260
440 41
851 574
907 81
998 607
703 902
204 872
386 220
162 595
803 585
20 144
973 35
243 51
810 969
835 428
174 14
391 737
69 450
894 461
663 952
133 287
323 380
585 370
196 400
978 216
429 248
929 729
629 987
365 949
153 855
873 366
293 294
858 918
564 403
730 916
10 28
842 411
852 919
68 973
822 994
784 528
787 828
235 952
389 1000
704 71
339 225
519 144
868 281
525 69
767 780
685 490
841 466
514 652
637 64
723 514
85 419
759 443
382 737
418 636
167 200
225 124
258 857
476 299
921 353
206 454
523 7
761 681
643 667
738 364
281 763
913 540
457 519
558 131
911 135
508 812
423 99
57 350
642 876
413 961
823 790
503 965
186 38
105 257
134 471
929 943
86 932
763 704
766 481
416 207
850 588
111 734
442 331
136 888
360 617
694 464
106 210
448 451
153 352
352 961
282 264
712 11
100 521
369 312
108 967
252 4
187 5
934 450
786 828
414 755
513 836
637 444
987 647
813 984
13 241
157 379
997 771
154 15
900 165
975 432
361 968
617 363
272 73
950 810
544 795
928 340
117 29
356 859
266 593
55 744
303 639
910 153
439 788
705 941
426 819
18 553
853 136
74 857
588 634
744 784
929 528
325 651
99 750
969 749
899 448
914 954
70 786
337 573
564 388
882 892
948 969
171 401
846 833
299 637
772 222
357 706
502 188
826 581
982 106
323 196
372 154
771 241
934 549
741 613
269 409
88 834
108 742
201 545
667 105
441 593
164 813
910 673
832 701
653 937
641 603
770 496
125 121
128 901
432 826
853 901
843 372
599 162
562 705
711 343
160 77
377 47
261 777
950 535
340 458
694 686
707 495
963 857
45 669
79 430
647 102
459 525
155 297
30 976
988 758
304 182
299 619
404 186
756 78
896 39
403 187
341 811
761 473
406 842
347 776
145 301
879 73
254 424
457 179
624 519
94 273
646 71
691 725
812 155
214 210
766 596
401 173
425 798
992 418
142 761
310 492
91 451
115 911
173 622
239 595
113 613
294 10
851 229
706 316
100 581
117 801
685 310
56 248
332 867
118 854
949 959
820 900
124 969
620 871
877 636
673 462
374 467
135 762
984 873
853 705
39 929
396 878
385 518
763 695
79 441
619 144
631 216
402 963
550 835
622 305
982 18
858 257
388 39
986 136
9 654
973 361
661 652
952 296
120 534
892 584
880 843
290 355
930 905
216 887
445 88
333 781
291 706
856 337
394 798
850 520
633 537
275 529
803 216
440 311
91 78
571 21
180 214
937 853
479 928
411 912
885 778
250 169
965 161
681 416
512 408
53 956
808 899
204 514
881 361
785 259
53 958
330 315
827 453
25 185
863 341
853 922
25 584
322 493
418 664
671 25
930 221
569 761
26 728
395 332
904 194
304 492
84 394
585 386
284 169
100 943
302 736
881 243
145 954
571 318
856 654
853 137
918 564
346 91
827 285
699 669
599 199
731 394
980 26
555 700
795 241
819 137
145 760
369 25
13 567
548 1000
134 398
856 110
984 353
426 853
291 797
234 63
123 254
515 219
616 727
820 15
107 815
727 937
928 557
609 939
236 659
249 85
816 682
807 204
932 90
141 663
519 130
303 542
273 608
147 232
670 235
415 422
227 901
231 521
364 420
824 929
648 542
595 286
904 949
72 955
361 401
36 196
584 470
697 958
634 174
873 653
692 202
904 273
216 221
665 623
613 169
926 291
701 544
129 724
661 591
108 479
341 849
625 238
872 834
161 886
248 554
968 341
748 59
877 691
227 552
938 357
453 289
795 24
260 867
143 322
423 752
465 759
921 589
280 421
135 33
519 483
932 316
15 103
530 120
405 907
385 154
277 559
329 388
527 225
168 719
808 773
60 836
43 744
340 163
726 563
144 934
42 194
145 303
166 624
123 635
917 321
59 409
236 932
895 217
880 69
795 998
456 843
831 168
715 42
322 677
272 368
106 32
767 206
254 680
207 889
357 143
967 977
121 434
667 238
384 153
221 760
386 170
63 718
721 390
822 582
677 210
424 505
171 183
405 564
453 363
481 229
171 522
461 360
459 515
56 422
812 973
400 878
860 422
710 676
742 854
969 175
637 84
819 453
986 154
531 113
555 241
734 386
462 916
238 304
373 530
676 922
685 387
721 168
23 625
884 225
542 841
214 716
32 371
542 172
474 8
988 459
756 526
526 448
97 66
128 534
540 450
656 296
528 171
154 937
837 17
53 451
845 774
426 880
316 451
478 56
167 973
185 765
87 763
212 526
456 97
294 987
436 522
916 475
945 740
937 983
276 620
773 861
789 36
609 973
81 116
644 341
548 95
433 657
374 553
2 622
739 401
539 286
845 523
19 427
985 758
399 460
64 730
109 601
823 47
861 445
29 466
921 658
827 550
193 685
284 94
87 403
510 275
674 966
821 908
594 6
801 489
326 869
797 851
914 355
720 557
610 928
360 126
149 673
269 551
469 431
704 830
606 320
148 429
709 619
731 433
711 657
766 891
118 496
631 422
895 93
903 337
984 809
727 300
51 926
261 161
30 797
873 612
659 765
107 319
563 367
963 574
186 203
240 293
136 57
946 85
101 818
975 392
702 143
926 264
844 603
659 265
497 450
754 883
854 720
401 286
530 871
889 765
846 673
490 326
160 460
689 445
275 649
2 59
731 674
459 311
350 781
905 12
722 332
531 511
376 135
180 365
401 787
557 856
285 457
344 510
127 960
103 961
108 903
796 100
96 163
82 260
513 87
17 459
485 566
379 740
729 125
969 400
486 649
51 121
593 37
289 653
900 36
756 772
563 868
793 472
869 169
755 521
708 695
485 364
572 822
693 574
710 439
322 799
595 93
755 147
929 989
619 356
627 118
839 970
744 896
973 682
186 446
931 967
342 298
592 140
39 574
694 716
671 192
166 710
154 730
183 762
677 911
115 344
610 557
101 548
937 921
390 360
226 89
899 929
232 703
308 698
920 525
699 685
265 79
314 739
940 489
869 7
348 193
94 713
114 478
266 598
735 700
684 761
560 567
267 210
778 656
181 819
883 115
185 488
225 129
397 414
613 726
125 872
256 604
585 607
945 653
66 498
842 105
952 52
180 502
216 40
593 357
947 745
450 888
921 679
626 421
167 485
371 514
100 365
295 315
859 545
897 751
296 880
97 63
51 626
539 199
489 202
2 362
701 47
948 582
936 44
573 9
113 929
323 778
110 944
375 573
594 680
798 709
285 736
422 254
630 901
509 889
484 809
161 550
382 321
29 355
246 167
324 673
690 628
13 338
747 848
986 624
101 419
538 490
549 619
539 708
511 864
505 801
186 154
811 779
373 437
954 77
408 736
327 87
468 164
660 135
219 749
37 185
161 688
778 128
595 495
235 966
622 454
176 929
885 181
193 127
109 578
684 222
320 793
893 439
481 258
559 692
833 941
907 899
719 750
76 599
80 305
690 933
895 509
836 222
903 9
861 188
680 734
95 556
367 828
841 114
15 120
461 612
838 413
530 144
424 906
122 893
24 12
934 391
17 793
657 153
844 196
126 433
847 572
774 911
668 348
859 154
472 922
616 261
314 528
446 179
59 797
714 343
698 694
641 519
170 13
559 533
887 909
774 206
951 480
432 193
644 625
530 128
208 477
739 465
100 1000
273 436
604 841
204 866
524 174
742 96
76 783
797 83
513 23
585 666
870 693
881 236
235 530
62 733
567 34
493 501
980 358
679 57
400 519
439 130
63 191
357 791
387 367
542 460
558 998
671 811
378 12
218 169
931 627
22 600
728 25
608 958
301 123
801 77
833 925
334 575
989 908
368 473
202 597
461 645
500 111
959 898
519 318
788 602
713 116
727 63
301 56
27 725
440 768
291 725
240 620
912 173
686 815
74 695
722 536
483 515
597 930
719 924
590 44
680 277
49 568
380 972
394 961
395 72
612 710
76 902
63 302
308 661
202 594
201 688
419 609
431 696
910 20
989 726
293 253
895 183
654 340
960 212
869 275
941 527
697 162
532 263
942 871
908 406
239 999
433 562
140 702
838 810
238 326
908 268
342 758
373 240
169 249
821 824
388 929
50 199
239 551
482 681
730 965
336 297
593 898
782 75
736 201
62 821
661 808
949 435
559 378
664 812
331 503
978 132
671 618
173 257
821 265
95 733
785 629
362 488
893 38
593 60
411 581
146 245
178 308
205 432
403 430
655 904
134 667
449 697
416 622
415 429
286 39
297 80
173 467
697 280
259 14
762 224
708 548
119 211
454 767
626 182
28 227
633 669
142 8
836 291
176 874
289 219
339 122
761 748
816 33
411 704
983 730
324 641
522 291
331 688
573 118
209 766
412 618
876 955
814 444
570 733
686 392
219 527
312 990
839 367
765 756
207 402
889 566
931 610
989 947
688 366
473 364
8 187
485 895
206 899
102 663
855 942
969 971
601 31
25 651
911 812
335 277
721 886
694 818
285 315
866 751
953 394
950 99
233 68
380 425
120 21
244 807
249 188
844 885
831 950
983 130
334 905
875 918
189 154
766 260
624 721
116 756
695 125
154 917
61 447
231 932
801 909
597 24
199 75
811 206
444 789
44 79
927 935
777 15
379 136
372 342
60 72
70 205
784 682
597 604
760 393
48 181
504 749
213 140
64 601
903 757
89 239
571 952
115 435
431 77
490 973
207 522
811 839
273 332
826 532
585 228
419 668
899 107
664 82
556 586
618 581
225 311
25 828
666 560
528 677
422 906
252 438
638 811
258 194
345 46
61 884
718 404
54 4
637 653
183 78
231 263
781 582
612 384
318 315
637 456
822 426
416 329
124 318
529 681
306 208
724 219
216 254
476 653
390 690
586 536
46 205
408 893
987 99
932 183
390 191
833 99
962 976
273 283
882 668
583 137
510 432
866 195
638 471
755 697
660 751
414 586
670 987
429 680
26 869
595 642
994 601
575 701
198 298
845 416
843 900
655 792
216 220
327 638
936 91
885 235
731 128
571 983
111 542
809 878
816 904
500 672
472 916
660 765
854 944
943 706
261 166
324 809
10 103
47 499
892 488
537 44
293 447
936 876
850 984
798 941
660 815
460 145
490 787
906 12
254 505
97 459
882 723
997 860
645 917
599 72
455 356
303 172
329 907
161 843
226 898
391 965
376 467
789 181
871 69
480 854
973 818
624 391
63 141
557 340
597 56
883 766
413 477
718 705
617 688
832 841
584 206
306 99
506 554
760 506
238 193
319 156
911 729
511 348
895 968
278 11
525 776
686 485
211 336
634 530
166 165
357 595
873 296
460 840
950 582
659 397
798 778
352 520
253 437
955 890
20 578
701 696
205 622
207 526
267 312
504 524
79 513
993 687
888 14
995 70
573 479
872 260
304 563
410 818
961 987
271 70
472 363
653 941
691 754
506 255
657 259
608 755
738 708
33 599
970 374
43 239
690 545
331 157
907 448
502 791
146 342
732 399
981 664
245 360
818 119
8 591
806 383
674 309
427 766
851 748
390 373
706 579
34 701
908 502
245 853
281 185
645 827
243 642
684 454
881 190
272 786
982 73
640 233
278 821
325 751
623 112
804 313
18 213
974 752
35 879
159 600
205 869
270 241
297 982
741 728
16 234
963 981
329 53
204 89
464 94
468 582
122 299
327 955
94 68
269 310
273 376
143 451
876 151
318 504
663 28
899 185
953 446
546 813
335 732
976 312
264 495
491 34
154 645
966 717
71 183
566 419
854 928
249 723
208 888
488 697
866 250
276 813
760 623
823 131
864 11
683 746
718 455
953 31
209 528
877 774
534 462
31 602
153 637
876 22
702 830
392 595
604 997
478 241
611 678
153 571
618 224
487 969
359 721
33 636
977 163
560 803
385 408
453 382
898 79
413 673
50 706
684 74
12 301
254 554
433 66
928 573
538 767
183 341
435 195
778 54
878 886
803 431
258 213
113 474
10 727
600 713
109 413
429 639
286 473
155 409
884 450
319 693
118 110
476 253
494 55
639 666
330 880
758 820
36 177
804 599
482 265
301 905
470 79
903 967
31 97
911 344
5 336
669 121
139 670
680 117
990 88
40 334
106 93
942 972
530 844
466 377
873 853
122 534
252 688
417 893
848 769
115 818
695 722
285 65
969 582
315 991
462 620
696 415
892 874
12 615
871 455
260 319
673 934
274 68
12 803
44 249
517 911
162 33
867 774
106 792
702 388
771 111
381 399
112 148
374 233
349 452
944 627
603 468
469 172
56 466
542 228
17 166
898 551
531 858
233 60
920 768
866 421
641 17
676 935
485 815
18 980
601 10
89 70
47 692
727 261
663 311
279 246
508 899
506 505
275 78
947 389
867 51
995 266
448 786
365 247
303 771
733 88
26 671
785 372
239 207
392 454
477 814
250 683
233 275
560 148
399 957
205 960
171 239
709 961
810 656
971 900
286 411
973 707
315 164
457 923
996 868
330 497
41 831
339 859
943 397
19 210
608 282
64 534
728 445
931 375
321 674
188 899
73 420
901 84
558 469
89 799
169 848
198 894
537 591
640 226
238 305
297 91
935 245
182 943
482 875
19 127
829 632
86 257
576 793
74 745
352 588
187 269
818 824
888 251
902 185
184 890
63 617
772 979
46 784
162 167
202 558
268 826
795 631
350 63
785 331
726 59
867 677
774 473
109 562
59 698
33 25
143 210
20 359
318 534
624 844
385 379
601 819
650 325
168 84
583 991
28 843
401 699
778 676
288 294
295 942
651 222
159 707
402 470
738 222
306 565
217 222
815 60
106 445
456 450
27 183
165 295
441 187
965 549
462 208
297 284
220 542
946 828
827 450
274 756
186 487
265 307
429 230
557 829
425 52
569 600
754 427
121 27
408 235
76 92
435 482
352 69
676 629
568 825
585 648
793 822
931 1
54 679
414 409
567 489
197 311
467 150
541 34
216 12
534 288
946 845
178 369
322 328
377 220
955 239
87 896
785 103
327 346
490 651
487 814
104 894
256 701
605 326
892 395
811 51
987 619
717 139
805 823
767 960
29 499
40 24
128 129
857 744
145 803
860 662
698 502
378 117
405 205
126 384
756 733
932 274
568 694
796 870
703 748
177 657
10 835
132 696
994 835
121 608
709 552
503 673
395 836
261 768
545 628
918 389
104 991
66 606
616 318
26 621
267 205
61 885
892 26
714 524
158 5
74 911
200 23
301 840
25 872
642 812
813 342
809 935
285 259
324 440
165 315
679 850
636 899
806 325
62 418
385 731
756 532
251 884
171 743
133 224
333 57
59 152
313 526
872 325
462 461
63 641
663 302
495 278
802 475
862 413
609 410
159 842
427 763
133 748
70 869
127 470
842 712
634 353
817 425
985 41
353 146
68 769
651 482
178 806
734 623
310 963
287 660
912 784
903 340
71 990
892 101
130 201
616 15
86 173
865 412
979 281
677 707
68 655
304 445
558 334
634 620
984 28
929 514
336 958
382 838
695 398
189 778
919 770
272 779
756 88
115 68
362 569
238 891
728 867
662 567
468 507
768 813
268 310
103 953
449 875
864 739
381 558
518 731
756 660
714 453
6 505
648 794
754 73
984 84
684 237
992 218
662 223
922 359
210 522
359 788
805 771
886 276
790 701
147 410
889 236
625 199
589 974
463 998
149 128
927 524
180 751
850 525
995 282
743 786
547 744
460 170
836 204
627 928
143 278
638 643
486 7
845 411
91 427
228 604
433 620
343 385
771 13
457 617
64 705
390 822
930 771
16 582
118 96
972 910
354 630
232 779
707 867
601 714
628 251
316 876
160 567
138 305
622 33
981 683
479 757
83 932
899 911
695 918
821 249
245 261
641 198
122 21
9 977
27 870
813 901
814 350
328 593
627 496
522 432
423 601
381 489
599 824
406 158
875 600
362 861
248 241
224 310
627 1
307 671
828 531
885 21
462 893
730 813
937 245
937 736
530 873
434 804
131 615
102 674
248 422
730 144
331 219
753 511
791 308
328 35
86 968
485 420
241 145
493 531
412 81
701 378
162 185
104 285
331 778
250 209
520 320
605 890
740 234
675 566
44 162
951 110
955 889
39 715
354 512
272 75
852 632
309 300
305 55
590 551
94 412
394 612
366 921
37 291
717 878
772 383
530 515
259 16
213 266
582 572
458 770
82 232
370 13
4 3
530 54
209 547
251 634
649 258
826 485
66 572
908 799
688 540
593 929
447 48
788 293
17 819
13 998
859 886
349 854
296 550
517 46
121 412
649 367
956 368
121 199
802 181
174 673
795 648
865 419
326 264
947 980
605 744
247 412
459 768
982 88
91 180
429 160
34 47
432 55
335 840
759 278
355 544
995 116
925 961
806 502
915 451
879 584
989 762
770 951
459 614
341 712
898 892
489 560
251 136
636 395
507 934
437 462
897 30
297 774
645 450
354 350
215 160
317 480
515 302
282 939
251 413
494 250
801 429
538 307
422 805
220 256
594 543
104 705
160 34
6 13
444 154
865 398
853 942
268 694
144 382
327 806
811 694
271 30
874 652
854 610
433 253
843 802
504 810
387 46
7 908
446 67
202 114
577 707
702 43
186 679
419 406
632 919
326 638
545 820
312 932
420 955
483 934
271 723
432 101
811 286
124 380
610 757
689 94
874 936
259 408
200 861
836 574
742 944
118 375
989 511
60 626
659 510
810 48
427 190
311 901
39 231
81 51
291 307
123 499
888 203
959 434
556 143
664 926
908 514
551 501
588 629
73 211
821 756
626 389
999 684
390 798
450 549
418 767
561 718
804 242
888 614
693 756
121 652
54 730
532 537
611 543
836 427
319 609
670 530
6 680
532 341
973 808
628 296
536 280
927 764
444 21
812 414
938 830
524 719
322 675
785 827
419 158
216 131
573 854
664 537
367 140
899 586
381 500
248 559
584 532
139 736
838 503
740 901
149 298
707 745
62 280
182 211
235 859
362 26
112 301
621 348
840 256
989 159
239 11
320 802
433 969
964 905
72 643
135 434
545 293
743 787
137 885
680 954
198 302
469 790
293 540
93 49
986 619
95 271
183 156
220 692
867 150
702 418
999 990
927 323
183 618
673 871
284 392
735 221
96 110
777 17
49 281
912 979
805 662
49 766
798 423
688 658
267 81
973 548
658 149
749 552
409 282
891 86
401 291
486 369
520 128
622 579
310 947
385 534
488 753
649 266
766 204
782 406
571 61
225 186
381 24
955 947
491 132
696 560
200 214
313 548
975 265
753 613
758 814
165 394
640 787
402 465
40 34
420 192
905 585
456 873
426 641
310 729
764 66
900 461
802 817
177 619
711 225
99 122
993 120
64 916
160 223
584 451
641 428
137 292
465 328
146 360
37 312
625 246
206 754
883 691
589 225
170 594
402 743
647 993
379 331
260 471
854 479
740 4
307 449
196 442
10 394
830 744
945 153
467 836
389 774
278 704
28 913
70 875
435 155
652 87
93 312
161 413
572 48
74 579
258 883
857 804
267 605
673 583
585 696
516 548
760 6
442 871
669 652
31 311
168 225
355 840
63 124
711 945
230 801
568 830
468 153
365 420
47 500
777 102
783 244
493 675
524 776
174 457
829 977
383 283
597 505
260 344
659 577
487 935
277 117
556 432
455 120
786 729
532 272
873 924
536 217
711 324
853 913
24 47
915 494
65 777
286 371
789 197
315 302
534 426
280 327
135 608
487 64
724 104
375 757
241 77
868 762
157 396
921 295
130 318
31 503
398 537
758 546
582 477
411 246
284 266
552 789
303 662
54 612
97 916
501 35
90 2
425 472
947 683
83 996
861 682
397 282
476 380
331 530
550 785
708 414
31 137
181 457
13 555
152 30
243 807
974 102
780 808
72 274
998 399
640 70
218 190
174 606
648 228
298 641
659 284
336 947
337 928
285 785
8 863
480 375
205 759
193 434
32 184
446 103
292 315
80 980
775 449
154 366
915 383
231 842
71 531
772 79
196 606
356 3
295 57
240 14
898 581
270 131
491 735
514 465
325 328
663 900
295 299
742 479
267 280
183 755
193 427
505 256
200 436
924 175
85 638
140 133
720 770
935 21
290 735
428 670
478 429
659 897
219 356
122 181
255 823
241 701
810 36
803 338
393 543
91 267
10 477
861 995
116 192
807 473
705 988
769 891
180 22
702 816
309 203
313 336
947 305
489 256
689 536
587 764
903 770
665 117
628 603
202 648
303 544
97 966
214 486
696 170
792 621
194 849
605 532
708 11
681 313
342 580
878 3
814 846
490 876
461 324
654 944
623 930
858 787
791 756
183 11
479 349
345 537
973 494
478 558
838 941
474 650
310 2
291 239
114 533
710 165
901 285
620 690
78 409
795 378
244 441
28 300
863 267
290 131
33 787
322 283
39 697
335 422
938 767
484 717
407 539
403 37
719 736
584 143
8 762
57 793
929 816
554 604
874 649
997 170
209 522
871 922
703 779
812 392
39 858
712 35
526 551
896 185
838 390
378 111
400 552
840 544
364 699
112 665
273 91
18 780
805 635
354 847
631 34
533 666
602 366
156 7
30 369
748 448
12 228
114 424
687 157
150 486
660 704
36 10
872 996
744 682
888 966
325 482
894 910
245 674
587 54
194 574
340 317
140 113
642 162
699 49
275 133
27 78
602 285
116 184
156 361
786 889
762 278
535 350
667 918
471 387
370 34
577 999
967 852
572 289
800 234
377 386
999 644
170 160
695 369
971 576
541 790
995 88
369 471
760 505
961 819
260 420
494 76
139 309
237 697
390 174
258 723
449 593
480 108
559 172
943 30
365 744
297 231
33 304
555 623
255 422
143 35
179 798
442 993
99 203
801 840
134 156
159 626
442 847
408 339
985 120
131 506
884 606
375 928
552 477
557 770
999 346
15 628
907 257
441 222
522 707
947 729
916 350
720 610
840 112
689 975
850 196
369 779
377 680
692 270
288 333
428 859
426 886
823 692
596 436
553 671
377 700
735 478
634 518
96 458
919 479
250 870
679 457
178 85
696 123
447 630
744 205
848 882
630 718
329 82
356 295
992 667
802 994
191 917
700 505
872 8
947 812
481 242
425 154
268 591
494 713
962 274
233 155
748 912
305 712
659 531
846 352
377 909
520 827
422 840
847 731
367 45
261 709
989 367
948 302
576 363
583 606
765 864
571 372
423 54
283 2
873 910
163 928
639 957
441 501
529 638
327 816
3 710
956 912
196 641
155 106
870 467
518 679
235 619
263 664
627 573
955 849
471 773
860 597
744 528
108 928
290 58
621 834
219 343
909 544
304 818
308 78
472 457
175 146
988 306
473 926
441 42
335 429
330 342
359 603
8 563
745 151
826 652
296 624
621 247
983 476
812 474
266 23
156 596
393 160
273 470
86 704
538 568
411 613
916 606
44 402
537 898
117 338
288 425
951 632
254 301
707 138
618 22
640 490
865 876
292 54
252 690
399 29
187 723
820 425
442 945
339 562
441 712
360 603
758 196
738 642
865 811
323 588
569 955
99 653
521 482
993 352
3 225
485 651
645 437
417 48
321 457
740 603
284 568
727 54
334 230
417 10
419 792
419 799
465 211
658 413
793 475
747 232
337 496
587 426
839 226
682 403
371 902
637 129
115 693
370 805
508 677
923 446
844 674
933 168
715 864
757 9
35 677
60 529
207 222
598 667
2 651
988 66
736 540
762 646
764 137
923 777
894 961
682 652
672 215
701 489
209 857
277 301
85 467
969 634
908 874
691 325
382 300
169 43
62 681
90 1000
725 212
643 861
914 978
126 855
907 90
346 767
874 990
97 587
146 844
779 205
476 993
154 3
569 911
213 412
215 460
334 567
734 795
911 448
574 269
198 293
475 240
710 972
954 506
52 342
584 91
68 92
174 552
603 259
425 561
670 487
162 398
22 566
880 785
182 194
880 342
796 684
794 499
601 294
123 559
172 790
548 284
558 696
673 831
823 840
935 987
427 707
794 696
678 378
376 244
259 252
181 324
192 754
471 86
109 507
255 696
782 39
497 331
65 512
459 589
95 106
389 765
633 206
30 27
593 329
125 600
604 558
825 962
987 624
275 595
987 442
68 74
436 291
782 443
307 284
268 522
267 791
124 717
838 645
415 672
461 588
714 647
845 743
714 670
278 325
223 604
618 81
185 640
142 759
856 317
372 10
996 273
873 468
889 766
844 57
887 228
725 547
313 593
437 789
80 598
651 960
478 463
516 27
315 884
341 839
549 589
988 252
258 683
793 901
627 757
164 688
543 559
268 364
416 237
558 58
250 684
715 577
268 85
699 633
329 876
870 528
146 61
492 815
170 559
830 636
677 42
840 255
320 144
632 720
754 689
557 375
72 989
772 345
166 984
873 17
575 639
712 30
204 282
146 550
262 659
439 203
477 428
352 240
408 417
352 318
974 917
562 724
217 609
337 632
96 856
993 721
736 641
759 780
240 901
456 835
885 342
929 418
847 14
347 878
51 579
526 37
266 898
120 48
946 949
966 446
93 169
771 221
366 948
847 227
532 579
253 933
877 902
131 648
761 236
59 470
782 664
570 193
63 10
414 517
390 923
210 325
854 856
500 860
877 693
860 909
178 622
259 440
16 154
953 993
562 438
435 568
687 457
671 863
259 61
583 331
511 706
463 506
791 892
690 97
328 232
697 486
36 157
978 648
311 181
286 449
256 832
102 961
87 751
552 124
654 770
141 52
216 386
418 755
177 157
22 638
847 353
131 355
757 654
124 306
166 937
617 354
492 195
206 242
847 360
951 496
599 211
961 950
269 756
980 45
322 345
393 13
60 156
894 736
495 553
352 164
394 468
289 589
233 209
424 940
427 155
367 889
3 800
559 623
147 879
460 393
760 585
925 507
800 408
807 980
302 950
843 984
37 121
712 127
953 498
77 544
535 144
459 945
514 586
830 642
186 758
594 172
696 555
997 393
607 841
938 642
9 919
747 147
573 1
158 322
459 396
13 216
239 625
833 385
447 535
92 199
691 212
554 794
438 459
620 941
810 778
545 41
598 490
401 272
453 601
494 667
519 916
72 523
953 941
733 586
225 197
17 653
763 526
308 638
187 465
61 844
959 275
153 372
124 483
371 68
776 342
714 878
247 348
244 312
84 709
26 405
465 640
451 68
888 565
805 466
248 604
355 771
656 324
208 814
909 223
331 871
340 573
828 979
846 653
364 81
720 337
363 366
161 619
407 72
726 521
115 695
717 822
612 259
142 780
468 396
826 646
50 495
898 532
709 15
772 152
278 973
947 403
190 207
547 858
12 248
734 378
568 649
907 744
764 847
357 83
585 790
119 419
844 168
876 193
386 466
30 741
639 338
622 411
352 616
36 457
723 892
525 354
760 424
405 402
956 943
227 776
422 223
371 804
180 866
232 291
789 261
920 641
205 598
337 9
334 794
879 729
880 31
323 15
88 851
749 455
932 249
705 154
831 727
649 564
869 449
609 566
995 890
309 342
652 904
913 139
410 522
149 457
58 463
316 668
986 588
206 548
603 619
481 881
669 327
168 966
255 77
384 888
210 46
479 557
353 758
38 141
552 937
226 891
229 284
341 212
797 247
424 40
565 353
68 367
244 726
55 263
668 751
901 462
593 755
698 474
24 803
401 236
701 290
98 442
984 390
24 567
280 45
27 162
385 871
328 826
255 801
126 894
857 956
88 209
338 463
849 11
564 787
579 441
400 717
42 773
986 363
25 471
309 884
169 204
940 399
140 522
726 1000
124 724
523 271
261 439
775 574
898 495
969 31
596 326
459 634
26 454
726 341
243 274
193 49
404 10
844 201
267 946
728 62
957 665
498 444
53 89
244 412
641 289
165 52
102 323
643 383
150 960
463 611
116 410
520 546
844 128
708 91
88 134
225 619
381 431
234 893
501 659
516 275
37 26
619 136
854 108
210 226
687 299
142 704
864 39
817 67
828 547
578 442
50 314
631 301
867 25
782 222
995 660
526 205
992 106
921 925
298 657
836 441
766 193
702 999
212 308
263 699
351 261
861 449
298 606
744 640
27 845
242 313
953 673
917 373
240 298
730 373
1000 660
319 600
594 47
99 404
852 757
69 36
69 629
758 444
83 858
125 689
738 45
91 51
582 718
438 144
618 593
665 478
180 725
777 843
176 763
367 685
539 247
156 176
619 833
165 320
5 929
818 699
943 283
247 599
777 800
39 265
63 396
534 444
194 307
971 3
70 598
339 983
243 763
596 581
659 1000
331 321
906 801
774 432
749 525
120 61
938 808
440 203
475 933
39 430
658 758
995 669
861 755
674 843
565 571
697 528
229 314
674 61
986 736
98 603
67 837
437 942
540 309
63 52
33 668
750 251
464 599
301 585
832 585
781 545
121 685
260 488
794 290
170 230
241 662
707 246
964 335
130 971
405 713
358 199
503 966
13 701
192 748
370 216
439 969
8 522
972 442
501 369
960 825
290 905
506 56
944 337
914 499
773 464
118 108
463 794
371 797
873 950
14 546
933 988
199 514
377 172
245 235
760 469
475 440
651 43
36 41
394 17
571 219
222 970
997 301
65 785
23 409
138 314
790 607
723 513
77 860
311 288
641 853
46 830
499 964
479 627
820 835
768 601
25 908
522 327
499 611
569 890
706 694
769 521
258 53
617 616
871 390
582 657
274 357
909 639
1 928
40 114
909 12
72 563
87 566
1000 538
235 196
38 878
326 401
630 606
763 596
470 956
709 234
238 314
593 68
305 274
884 656
858 874
933 252
6 954
607 666
327 723
333 910
366 320
378 460
40 160
992 876
673 373
996 513
530 582
177 14
207 233
551 753
650 214
935 945
149 124
426 518
547 448
460 220
216 355
455 616
716 911
237 766
594 377
333 831
646 273
649 899
271 418
825 33
959 105
978 393
802 400
29 24
202 680
646 182
620 802
478 506
103 656
416 694
815 556
324 850
215 542
931 108
956 193
323 245
794 170
144 624
718 550
25 596
10 149
822 276
67 814
961 540
127 192
125 704
203 366
892 765
400 426
199 644
718 164
900 503
796 697
450 984
688 831
741 762
255 132
459 974
625 956
214 892
91 725
252 360
682 517
490 284
208 534
937 880
366 637
697 621
417 953
809 934
397 229
629 966
561 961
230 415
22 217
29 489
196 459
118 928
130 527
846 572
429 607
649 577
745 395
506 887
172 148
231 345
817 717
260 106
312 176
73 60
305 90
405 633
623 415
738 756
747 874
477 628
190 180
538 681
844 653
48 497
139 157
720 829
354 798
923 356
795 543
393 220
792 430
55 904
526 419
37 698
916 910
999 106
452 496
263 244
251 922
654 163
323 177
745 824
234 788
70 143
913 589
271 188
624 974
252 518
670 730
38 520
312 825
102 737
364 37
153 433
483 63
655 712
334 256
840 597
40 505
165 390
856 1
530 390
276 146
179 953
328 127
769 989
840 648
393 567
896 211
923 10
985 245
335 489
513 495
634 785
777 550
867 448
143 763
552 850
1 720
450 437
717 934
842 626
53 185
809 400
193 44
398 836
12 256
707 861
570 782
499 270
594 905
138 23
907 78
863 184
498 302
149 670
892 529
231 865
217 281
709 893
591 272
397 636
695 697
794 998
489 558
797 626
159 200
287 121
752 546
25 269
62 85
935 497
574 677
551 574
140 432
38 124
967 757
690 969
180 474
151 808
823 611
593 436
670 462
601 657
317 757
257 626
493 243
850 974
715 454
109 57
629 136
504 350
850 634
640 668
704 105
904 956
74 152
756 904
492 979
973 753
292 519
777 663
210 257
832 639
923 484
476 820
696 732
139 372
422 24
107 784
413 950
159 633
918 233
693 138
918 25
107 305
506 905
167 551
143 756
63 974
842 973
746 414
678 34
46 599
245 601
113 92
210 348
712 685
38 793
354 366
830 314
226 532
93 269
709 679
567 997
604 790
654 854
178 586
30 733
875 883
278 436
490 268
579 598
467 79
342 235
646 698
106 374
709 714
380 128
998 270
332 895
169 842
847 798
668 313
903 720
306 292
67 476
143 32
976 943
994 141
999 213
763 746
649 418
874 367
565 776
362 932
545 311
877 312
622 664
167 640
136 306
950 710
226 364
344 563
590 782
200 143
625 753
850 64
164 634
272 516
305 312
966 343
70 250
792 625
709 969
477 69
823 215
970 775
726 5
601 450
810 546
400 714
821 834
954 29
434 262
49 797
193 465
905 558
947 836
674 620
389 723
662 47
77 145
801 241
937 293
262 409
818 383
584 233
350 203
179 705
514 839
775 486
452 919
14 168
220 145
863 815
147 403
408 203
696 914
916 837
52 583
300 687
176 848
65 688
6 230
370 478
144 721
826 514
319 918
61 128
83 282
188 729
257 247
436 999
939 726
55 266
690 400
437 294
610 163
146 893
605 936
391 288
668 858
516 362
517 358
701 542
893 333
156 982
124 343
371 257
161 425
540 440
198 572
799 960
439 48
954 424
954 567
953 550
2 264
945 814
577 511
279 336
895 826
453 10
466 701
268 956
15 483
68 501
727 737
894 634
811 729
392 849
369 773
148 662
655 816
739 605
993 382
340 337
858 766
867 989
517 936
581 127
861 155
276 986
143 214
2 514
232 222
840 555
715 305
797 633
673 440
753 388
833 175
152 510
351 240
856 340
444 886
157 354
901 710
125 861
115 715
588 372
15 900
128 154
318 676
573 757
943 739
74 222
925 457
252 124
802 41
913 425
639 228
632 480
678 533
302 483
125 398
309 391
997 338
89 551
914 12
217 231
960 772
441 346
531 626
501 89
723 640
824 18
977 557
625 344
66 910
16 634
107 883
594 301
182 407
448 401
227 318
395 209
564 861
503 802
262 918
71 521
238 192
260 121
198 809
875 297
580 487
232 733
769 169
976 329
760 542
673 988
176 638
826 999
835 450
550 530
895 23
845 383
909 460
258 418
422 489
407 22
976 539
244 763
187 346
350 900
46 147
177 311
413 789
805 491
947 214
211 383
867 297
298 109
300 196
476 705
493 71
145 648
635 499
556 42
423 578
682 325
141 924
264 436
277 735
274 707
448 963
694 297
140 211
565 663
474 649
658 165
282 418
185 596
962 30
305 195
986 785
101 367
929 973
331 657
379 580
488 622
816 851
702 133
102 196
560 478
321 942
499 424
47 270
343 920
337 480
268 865
218 361
750 174
886 252
714 459
209 659
270 112
552 817
636 513
897 368
165 174
115 990
449 636
833 390
358 892
206 608
737 57
557 627
134 62
967 944
746 374
553 881
719 717
455 993
670 853
202 377
277 832
110 919
163 627
234 987
998 256
651 962
29 771
499 648
221 489
689 403
323 453
737 873
302 372
246 671
485 660
196 886
948 941
759 976
319 23
732 533
289 893
101 488
722 577
879 134
404 518
798 109
341 668
193 872
383 325
273 127
993 253
976 864
751 392
749 711
378 386
968 209
683 938
961 724
55 713
402 397
593 33
580 380
800 417
397 239
86 915
954 803
577 211
577 81
946 704
487 927
461 382
894 21
929 958
253 457
812 899
30 180
799 25
359 165
891 691
820 991
613 159
409 30
99 606
236 357
76 747
660 531
90 271
201 709
117 978
694 792
243 313
873 174
723 485
569 464
899 127
880 498
943 392
424 544
550 351
536 322
997 47
25 765
232 995
543 790
691 369
901 656
823 631
356 718
114 221
903 977
272 138
438 201
779 194
87 464
278 389
696 463
82 266
154 602
429 533
398 780
88 138
858 357
73 280
764 993
567 466
148 543
654 919
23 328
32 152
513 726
162 526
454 486
984 687
539 313
310 5
247 159
480 770
172 255
963 982
425 710
683 116
970 825
898 273
994 359
319 7
81 808
800 253
673 819
398 772
887 463
252 752
225 99
585 132
609 581
849 618
482 272
191 619
797 664
485 1000
691 345
988 382
426 645
710 515
100 364
686 107
108 557
445 882
72 671
789 950
448 686
614 994
356 953
659 947
44 865
207 708
663 240
604 734
102 179
840 12
905 338
999 975
2 858
774 581
822 819
495 772
700 422
384 788
594 801
825 389
278 51
719 920
243 218
747 836
294 352
268 725
376 866
655 206
687 809
658 937
927 850
933 41
336 388
113 725
330 201
139 837
217 485
358 532
261 84
591 395
386 678
10 717
431 277
208 953
3 253
190 956
136 394
906 803
974 721
93 316
454 999
110 479
624 576
593 684
54 833
701 957
918 668
736 619
514 695
673 484
266 981
261 927
934 833
760 172
217 206
457 65
893 676
318 63
13 145
854 375
739 204
339 653
432 410
874 35
549 380
768 893
367 249
668 973
684 25
731 986
189 711
403 553
295 318
858 599
105 383
871 583
709 318
494 307
833 920
713 246
328 319
179 103
954 370
714 353
791 510
359 629
965 886
579 980
865 775
392 147
4 456
809 886
829 458
248 132
718 736
251 885
347 880
267 521
71 75
177 886
91 960
307 11
978 505
598 586
211 812
849 566
722 284
485 162
37 95
76 912
578 603
554 303
860 248
223 499
775 441
611 771
16 391
529 502
87 897
794 303
32 207
911 258
413 227
159 486
278 5
774 260
810 396
474 536
841 499
806 45
297 661
26 70
524 602
105 511
715 313
829 96
161 518
868 959
773 949
438 880
503 245
611 370
920 740
609 816
993 472
325 548
58 145
775 563
707 465
154 146
72 195
17 146
680 132
583 518
526 405
13 469
155 897
451 445
428 504
468 838
488 553
226 376
356 809
978 489
593 18
103 822
875 895
842 889
417 64
43 92
277 463
767 233
647 181
819 933
237 26
680 841
56 615
503 440
96 627
760 478
672 964
361 754
196 261
199 867
207 127
742 1
181 294
301 560
342 227
9 375
19 625
698 204
205 383
717 293
643 517
818 968
388 401
199 728
225 104
849 881
844 658
218 599
931 479
95 683
28 442
607 386
780 389
8 482
661 76
81 50
632 573
578 306
51 739
543 887
87 213
176 407
745 960
778 98
746 861
90 451
725 325
284 156
391 884
322 531
779 600
587 504
32 222
85 176
939 626
776 663
177 991
381 541
6 334
329 195
347 444
615 597
293 653
255 429
257 912
896 702
775 155
542 12
180 272
82 830
142 577
619 512
358 448
170 145
112 906
616 641
206 365
338 585
939 502
932 992
516 176
31 227
900 988
460 541
181 120
238 642
501 825
652 754
384 673
142 150
591 420
646 206
335 303
600 412
852 118
445 218
972 63
173 599
574 76
883 322
453 15
794 378
829 479
341 796
713 445
214 748
12 805
829 903
417 778
184 79
361 204
318 139
835 859
183 649
419 192
590 217
285 295
131 544
458 163
932 864
314 55
372 971
531 649
983 442
324 518
67 961
922 66
861 8
91 999
217 5
135 470
587 382
568 759
558 832
242 869
771 998
954 399
69 935
959 95
951 829
673 894
818 918
222 773
608 308
668 281
739 902
750 3
22 345
349 573
42 685
439 423
340 967
283 183
433 235
508 152
190 763
667 443
382 578
750 483
159 115
532 412
372 619
6 559
614 497
961 670
3 459
124 487
538 308
772 743
141 798
566 528
857 272
281 156
515 309
974 462
551 341
784 266
535 359
341 881
858 751
716 134
681 403
334 506
655 314
13 202
146 737
394 161
657 306
713 646
848 907
284 448
728 939
26 5
941 788
26 509
821 486
631 701
145 370
216 463
271 1000
915 595
27 879
322 71
56 794
761 407
707 183
689 119
521 739
733 816
125 836
820 515
314 116
635 692
737 17
431 370
320 104
702 741
429 202
576 276
363 136
951 928
614 54
713 182
880 721
130 634
180 904
437 924
976 364
732 469
417 924
503 408
33 283
932 875
190 281
796 451
312 895
565 161
86 279
496 632
410 115
141 343
968 767
339 582
676 809
537 548
440 315
754 281
290 542
598 605
108 452
200 529
396 350
749 901
970 387
921 561
592 808
33 826
729 187
716 282
129 582
950 343
173 33
753 807
965 323
115 283
161 974
278 868
276 373
274 958
794 543
569 659
89 209
435 246
664 211
299 645
157 146
349 496
614 350
437 572
555 172
348 361
761 968
778 475
554 594
532 592
484 136
145 533
155 464
702 981
489 541
739 851
511 249
667 600
740 437
832 58
929 694
825 848
47 381
667 243
366 871
554 635
299 859
37 2
943 866
324 527
414 383
446 935
208 831
33 990
778 385
645 616
261 31
381 393
905 172
954 335
261 972
865 257
833 927
946 490
883 42
487 122
244 605
956 529
139 552
660 53
240 31
399 478
370 734
885 253
847 710
674 359
644 836
883 536
245 351
900 63
437 901
247 204
543 170
445 187
966 855
463 466
362 622
506 6
893 318
922 617
363 165
880 941
956 577
391 540
902 939
892 625
720 163
22 266
961 64
877 881
306 835
689 93
942 300
563 786
572 589
65 844
721 634
946 365
858 465
342 446
834 226
97 298
975 723
668 307
518 391
137 363
423 342
748 815
732 567
785 343
939 539
744 864
420 751
465 281
402 316
232 824
16 717
689 708
148 954
321 130
366 994
58 117
977 928
637 731
532 374
113 260
353 624
623 604
655 332
834 275
691 733
131 378
582 603
518 208
135 32
612 603
62 358
775 42
41 730
411 328
595 707
792 407
588 31
589 679
333 518
970 448
982 608
307 553
295 330
20 390
664 608
890 509
121 74
501 881
771 132
119 759
321 937
681 745
501 738
111 594
25 754
717 674
332 889
896 992
242 26
340 720
136 203
668 825
662 575
320 36
19 188
70 134
970 85
661 938
188 568
511 881
846 550
913 253
658 21
303 597
725 45
798 484
180 155
689 367
891 286
147 138
300 601
58 542
210 18
83 926
388 495
131 255
793 885
108 856
365 454
848 904
350 628
837 350
579 82
863 521
806 286
623 123
413 922
858 156
549 382
211 981
405 286
738 753
360 456
123 460
236 490
793 227
658 950
58 489
882 883
113 121
235 380
313 281
869 772
104 656
248 386
223 832
258 485
6 56
776 153
47 422
36 571
313 783
47 431
511 206
438 647
491 554
106 773
663 306
475 380
529 106
730 461
434 973
542 940
315 515
569 548
424 117
802 321
125 59
51 418
420 995
317 854
72 946
724 619
9 480
159 405
238 371
677 358
597 248
923 285
856 903
668 35
844 298
14 974
96 349
228 790
997 277
820 768
38 288
381 559
592 625
743 703
620 390
926 876
155 395
235 546
483 165
924 404
808 403
315 442
968 892
82 881
883 53
133 46
533 478
506 148
21 299
18 329
282 780
142 848
722 392
940 221
62 808
65 634
568 162
929 405
623 303
641 161
905 77
731 571
23 642
990 510
864 896
306 884
962 167
945 342
910 157
645 14
134 538
790 567
592 881
79 956
862 530
912 187
334 611
933 31
236 278
45 304
825 127
411 939
837 65
989 599
75 563
656 333
807 982
753 402
341 405
2 812
254 732
607 393
190 598
829 1
524 191
206 185
987 453
921 343
918 726
332 25
236 217
650 956
121 713
583 306
76 651
375 856
691 53
789 455
7 677
611 662
311 442
595 283
116 152
665 220
393 422
352 572
289 894
143 995
698 106
520 294
214 539
196 10
660 142
214 598
294 433
488 683
37 915
449 973
206 233
717 323
515 546
426 461
931 720
657 922
90 280
144 99
107 918
939 767
706 280
62 938
227 168
740 737
749 394
561 885
39 707
647 440
623 29
658 17
722 192
795 399
397 403
950 920
39 772
611 145
620 901
339 433
672 378
328 968
910 28
10 844
489 148
170 301
410 564
851 836
795 604
160 914
125 345
386 771
749 141
145 631
243 188
591 689
491 732
689 275
566 398
9 770
845 869
59 763
344 474
419 586
145 47
818 465
795 460
959 119
254 112
586 278
745 904
126 629
383 55
283 531
72 310
208 873
326 68
420 976
229 845
599 86
253 880
34 700
552 417
530 913
703 11
45 86
448 926
220 277
521 693
523 584
138 304
482 37
933 54
967 496
34 145
507 16
796 539
46 267
30 747
704 881
612 942
396 153
170 489
448 821
417 261
379 3
327 106
938 387
106 246
892 319
618 127
989 195
175 673
744 49
477 461
513 62
240 276
659 443
923 847
769 275
356 785
701 801
100 779
66 578
380 157
363 688
712 646
993 315
504 789
695 188
423 359
833 198
371 651
953 293
39 775
488 973
275 135
837 645
723 162
227 384
640 613
871 822
586 644
671 94
758 503
951 337
184 74
723 68
953 503
178 346
866 791
305 322
95 470
767 474
183 95
496 654
559 840
228 431
520 423
565 296
218 646
361 465
564 956
938 799
100 89
187 570
546 974
50 726
894 157
668 8
772 926
99 730
972 146
198 225
684 210
779 739
890 398
695 766
156 681
782 236
854 337
382 16
286 746
877 863
898 167
969 519
337 110
973 71
620 950
95 980
807 26
368 990
650 188
709 380
378 228
62 782
931 654
271 430
452 654
663 822
129 901
40 666
948 601
671 876
137 450
418 115
302 920
138 667
553 638
258 751
604 56
786 695
280 775
620 705
915 364
408 219
59 659
237 959
256 370
556 193
319 849
452 480
183 702
101 729
309 880
566 536
395 113
605 511
504 969
200 205
156 763
447 727
3 571
32 387
32 232
722 636
747 492
520 788
99 351
987 934
160 978
999 897
576 752
748 655
912 797
199 912
174 888
648 506
460 248
637 385
931 903
590 403
169 590
325 522
905 701
63 565
972 535
696 40
559 615
516 387
610 349
931 349
830 224
692 604
256 696
765 691
680 554
678 132
296 320
793 366
747 180
454 590
195 818
742 928
917 447
853 225
189 991
747 263
243 305
929 667
238 211
229 976
545 847
838 525
972 583
120 245
681 868
212 704
923 97
39 566
836 106
559 558
253 844
411 25
871 546
546 853
687 886
796 669
927 177
433 149
465 405
78 669
148 585
412 511
259 168
138 105
668 367
998 303
143 418
462 14
380 561
848 787
616 84
599 613
931 96
492 91
221 77
490 765
227 534
786 206
322 685
257 101
920 359
331 484
116 70
381 964
716 310
948 154
939 979
77 887
537 891
439 447
973 206
576 788
662 335
224 401
139 540
161 4
202 957
224 80
804 675
152 695
875 938
293 384
217 18
53 879
213 861
205 980
830 864
667 570
372 298
881 956
874 224
627 9
188 943
627 903
448 474
114 460
968 872
463 469
200 184
424 841
603 129
491 335
113 207
782 244
620 104
405 769
37 247
843 166
162 548
166 456
226 264
469 399
323 709
719 38
770 108
112 631
484 311
613 297
27 308
680 906
484 833
469 905
483 4
517 257
155 756
108 654
341 140
780 105
672 301
766 451
621 100
22 553
743 581
762 387
405 407
886 472
685 217
683 697
350 710
211 787
650 958
787 113
967 118
477 922
242 681
344 180
739 167
774 414
96 340
884 810
633 664
123 370
509 231
499 639
529 214
513 357
5 345
396 512
137 987
794 801
459 530
926 683
917 363
518 789
419 756
644 193
842 787
635 500
500 585
509 91
856 479
647 315
337 108
951 931
188 691
596 135
641 288
469 228
695 88
852 720
945 986
286 406
650 200
107 271
217 368
961 318
643 432
556 238
36 3
969 764
846 177
713 81
968 812
626 280
817 710
153 503
216 541
689 231
253 352
398 138
347 293
12 555
850 535
512 788
912 346
787 716
876 134
685 999
254 415
999 741
448 490
867 826
659 231
450 339
324 330
85 205
938 638
611 533
892 523
867 244
771 794
60 213
271 482
753 272
149 129
777 561
895 158
580 972
267 830
716 262
278 521
461 634
35 684
88 979
676 971
154 752
127 943
833 711
506 145
162 866
998 381
567 378
227 331
428 530
269 845
869 260
703 454
852 903
865 774
526 265
349 375
362 357
511 773
67 749
473 686
441 151
18 605
496 742
356 630
485 911
495 970
266 346
284 405
728 650
718 602
725 150
198 15
332 142
871 628
432 81
751 845
105 694
178 891
250 133
913 333
631 607
264 787
784 907
50 898
460 841
741 769
202 841
600 963
448 568
841 623
713 156
963 226
907 32
277 228
702 932
368 702
509 865
585 823
290 216
527 924
739 980
294 948
601 916
506 230
907 237
139 941
63 57
507 972
804 239
440 446
982 992
612 468
499 803
497 525
981 194
618 999
511 284
477 838
276 477
177 833
370 355
795 771
412 482
309 54
37 94
699 26
717 251
418 86
858 741
383 8
703 156
821 416
902 947
462 356
221 58
180 526
207 995
324 426
55 508
169 502
193 650
229 836
589 518
172 696
161 690
867 239
545 359
624 971
539 523
443 811
858 60
970 90
16 941
157 871
872 395
977 627
108 627
387 839
107 529
138 200
139 41
152 134
727 359
633 22
693 747
720 977
953 518
687 820
865 264
279 88
715 531
911 644
336 93
702 728
406 780
954 666
88 949
965 288
738 383
429 790
295 687
887 148
504 617
847 382
87 11
58 560
473 194
270 478
88 569
483 154
378 123
652 723
816 643
377 555
35 369
581 865
802 476
306 98
318 459
774 651
953 372
395 703
988 565
584 511
452 627
51 7
598 78
820 253
51 327
544 228
273 621
162 73
390 476
699 511
634 817
479 317
696 424
980 134
869 312
489 123
633 74
800 461
252 717
454 779
138 523
97 400
61 927
921 948
398 46
962 686
513 999
896 605
878 690
543 370
785 461
987 880
921 916
898 206
530 293
412 239
941 617
671 344
837 294
972 198
797 865
2 691
640 5
504 141
986 814
790 732
585 680
124 288
922 17
796 405
316 866
218 584
488 243
496 375
13 560
711 983
581 33
405 725
585 123
842 526
586 816
502 651
568 706
755 85
575 732
628 885
678 544
316 970
968 765
313 389
494 896
897 284
518 945
414 784
275 646
570 316
900 504
992 70
317 720
50 420
846 84
211 152
592 171
467 586
268 229
21 408
104 472
985 582
621 244
927 276
615 801
27 613
765 904
805 665
28 288
447 994
607 701
846 353
887 223
968 596
314 677
470 287
355 424
819 197
718 711
272 493
929 449
365 156
53 973
550 880
602 41
913 294
534 524
853 41
883 592
224 127
280 774
260 517
951 349
948 181
953 453
392 18
191 144
944 340
47 248
786 421
572 28
20 299
814 942
643 698
521 80
736 20
27 569
349 928
717 862
982 722
276 10
657 139
85 912
968 75
22 286
431 335
353 124
133 773
660 728
905 575
792 669
977 317
456 3
685 238
317 944
457 634
907 434
257 50
272 899
490 895
121 864
200 410
519 524
238 49
514 200
55 90
52 15
359 63
484 318
641 991
456 437
535 819
972 873
403 733
793 855
223 466
688 859
76 45
14 181
913 352
803 860
34 148
421 193
267 441
459 961
882 312
425 984
257 411
114 301
710 126
462 985
509 119
394 300
142 35
472 750
238 263
150 116
314 625
317 742
562 102
805 123
691 169
482 955
210 448
667 121
608 59
66 629
884 534
716 85
24 6
97 714
505 431
860 230
376 237
847 676
990 918
818 147
25 568
224 807
787 963
392 242
679 535
900 457
758 251
573 829
423 587
915 959
731 924
950 530
429 431
336 53
319 523
260 312
383 143
741 713
971 663
25 876
250 406
601 923
397 508
620 504
289 333
55 618
598 150
365 473
849 638
762 341
133 834
795 558
414 979
795 832
377 957
632 610
83 981
758 234
178 912
764 442
832 997
531 194
5 421
494 818
523 780
982 224
292 38
607 678
717 764
441 861
692 415
957 303
601 663
717 352
42 162
143 751
169 464
694 787
144 181
161 534
50 436
205 891
931 9
173 89
846 48
532 613
651 911
910 124
303 478
650 708
833 935
55 313
559 415
533 422
795 790
17 942
910 484
497 440
826 26
472 109
849 91
802 16
726 786
345 868
202 117
278 280
117 672
146 656
882 858
855 382
655 517
182 510
322 387
402 435
204 501
304 260
697 316
932 973
678 463
118 856
310 517
648 543
344 445
599 83
110 557
386 914
967 951
124 175
562 969
90 879
705 901
119 410
976 22
198 177
933 67
468 717
19 584
477 380
790 964
313 733
398 464
913 838
897 100
612 788
40 760
5 361
198 789
501 143
984 688
711 717
563 171
128 476
932 746
577 185
48 578
912 636
599 636
311 552
726 239
124 920
476 986
971 438
891 273
737 165
627 610
839 622
193 784
3 546
857 655
454 158
965 935
209 980
863 596
379 191
434 313
782 677
921 477
230 662
8 387
902 23
201 189
302 122
618 392
111 998
955 691
367 999
41 295
241 542
98 576
387 956
279 786
548 39
584 780
794 734
875 412
14 688
687 41
759 232
24 615
744 686
713 481
1 108
199 976
235 164
107 513
561 354
454 23
121 857
844 910
10 168
645 61
59 782
651 81
786 192
915 182
565 97
811 308
489 56
794 692
3 373
543 639
651 633
972 356
357 766
366 69
467 371
490 702
144 31
78 60
324 910
327 698
246 383
672 254
197 663
179 28
962 799
754 448
180 695
531 291
746 188
421 570
366 838
381 254
500 560
958 681
521 996
46 284
498 154
509 861
657 14
376 652
348 600
344 895
293 850
103 251
97 913
514 577
937 17
561 157
300 97
934 994
19 783
8 45
908 939
708 598
268 563
57 859
236 151
206 569
861 828
4 961
539 445
824 46
532 729
122 3
468 910
645 752
671 729
621 502
176 830
800 736
922 65
103 28
43 250
140 502
310 643
419 304
103 810
272 454
754 659
824 812
415 117
814 809
527 423
145 335
825 684
223 790
687 589
357 7
114 123
542 790
347 993
956 158
798 196
263 91
5 861
71 759
631 58
336 536
708 312
553 51
177 315
722 775
756 336
370 957
826 35
366 323
593 250
442 69
728 282
161 130
589 620
137 69
811 787
471 53
575 111
984 785
788 404
306 950
987 245
330 901
170 801
760 415
675 416
423 730
848 195
257 621
567 381
722 486
533 216
499 543
792 151
554 639
730 971
221 381
155 162
444 843
29 905
793 36
57 850
996 329
883 638
233 551
491 112
401 816
440 916
809 589
326 866
530 602
895 474
275 147
627 951
4 705
100 956
609 586
99 461
220 381
373 149
620 688
17 512
899 981
621 473
689 876
165 846
273 677
737 736
312 745
945 66
369 70
744 660
343 423
49 708
557 96
1 375
242 395
403 684
376 402
110 9
44 538
394 987
910 197
450 817
522 767
895 553
852 770
412 305
101 650
134 738
179 730
326 682
467 319
499 604
38 438
304 169
524 637
181 781
760 431
335 558
731 809
230 544
66 527
340 627
113 684
133 88
154 714
769 746
523 979
907 622
740 359
405 1000
407 307
236 824
576 295
808 178
583 103
257 434
20 814
543 202
447 624
142 218
582 104
682 621
579 649
153 137
414 176
908 523
523 695
480 96
403 839
332 156
26 584
150 45
708 761
296 933
618 313
498 161
461 820
124 900
719 285
381 12
491 594
136 391
945 293
445 206
717 259
751 105
69 391
895 83
466 338
347 165
510 89
378 148
782 490
416 264
220 270
778 670
216 560
509 526
590 600
391 987
441 889
1000 874
708 341
717 657
138 142
835 331
961 299
287 872
691 211
175 612
25 753
606 203
197 253
98 259
393 701
483 352
251 54
815 159
471 691
417 300
15 983
28 647
382 356
503 318
710 583
356 321
666 567
489 424
301 887
141 827
443 346
569 83
616 952
968 180
538 140
362 949
957 560
671 376
558 132
679 588
446 893
744 286
429 40
598 119
94 171
403 269
663 103
349 458
871 300
373 888
392 825
913 850
112 378
800 240
445 374
736 323
187 105
141 311
243 364
545 952
753 970
4 676
766 242
336 811
721 302
600 158
504 527
534 36
103 137
562 14
453 673
704 824
477 483
456 296
514 799
517 345
903 928
