1	9235|2,3,|0|GRAY|
2	9096|4,5,|0|WHITE|
3	637|5,6,|0|WHITE|
4	973|7,8,|0|WHITE|
5	3269|8,9,|0|WHITE|
6	7039|9,10,|0|WHITE|
7	3399|11,12,|0|WHITE|
8	3350|12,13,|0|WHITE|
9	4788|13,14,|0|WHITE|
10	7546|14,15,|0|WHITE|
11	1739|16,17,|0|WHITE|
12	8032|17,18,|0|WHITE|
13	9427|18,19,|0|WHITE|
14	976|19,20,|0|WHITE|
15	2476|20,21,|0|WHITE|
16	703|22,23,|0|WHITE|
17	9642|23,24,|0|WHITE|
18	4232|24,25,|0|WHITE|
19	1890|25,26,|0|WHITE|
20	704|26,27,|0|WHITE|
21	6463|27,28,|0|WHITE|
22	9601|29,30,|0|WHITE|
23	1921|30,31,|0|WHITE|
24	5655|31,32,|0|WHITE|
25	1119|32,33,|0|WHITE|
26	3115|33,34,|0|WHITE|
27	5920|34,35,|0|WHITE|
28	1808|35,36,|0|WHITE|
29	645|37,38,|0|WHITE|
30	3674|38,39,|0|WHITE|
31	246|39,40,|0|WHITE|
32	2023|40,41,|0|WHITE|
33	4440|41,42,|0|WHITE|
34	9607|42,43,|0|WHITE|
35	4112|43,44,|0|WHITE|
36	3215|44,45,|0|WHITE|
37	660|46,47,|0|WHITE|
38	6345|47,48,|0|WHITE|
39	323|48,49,|0|WHITE|
40	1664|49,50,|0|WHITE|
41	2331|50,51,|0|WHITE|
42	7452|51,52,|0|WHITE|
43	3794|52,53,|0|WHITE|
44	7679|53,54,|0|WHITE|
45	3102|54,55,|0|WHITE|
46	1383|56,57,|0|WHITE|
47	3058|57,58,|0|WHITE|
48	755|58,59,|0|WHITE|
49	1677|59,60,|0|WHITE|
50	8032|60,61,|0|WHITE|
51	2408|61,62,|0|WHITE|
52	2592|62,63,|0|WHITE|
53	2138|63,64,|0|WHITE|
54	2373|64,65,|0|WHITE|
55	8718|65,66,|0|WHITE|
56	8117|67,68,|0|WHITE|
57	4602|68,69,|0|WHITE|
58	7324|69,70,|0|WHITE|
59	7545|70,71,|0|WHITE|
60	4014|71,72,|0|WHITE|
61	6970|72,73,|0|WHITE|
62	4342|73,74,|0|WHITE|
63	7682|74,75,|0|WHITE|
64	150|75,76,|0|WHITE|
65	3856|76,77,|0|WHITE|
66	8177|77,78,|0|WHITE|
67	1966|79,80,|0|WHITE|
68	1782|80,81,|0|WHITE|
69	3248|81,82,|0|WHITE|
70	1745|82,83,|0|WHITE|
71	4864|83,84,|0|WHITE|
72	9443|84,85,|0|WHITE|
73	4900|85,86,|0|WHITE|
74	8115|86,87,|0|WHITE|
75	4120|87,88,|0|WHITE|
76	9015|88,89,|0|WHITE|
77	7040|89,90,|0|WHITE|
78	9258|90,91,|0|WHITE|
79	4572|92,93,|0|WHITE|
80	6637|93,94,|0|WHITE|
81	9558|94,95,|0|WHITE|
82	5366|95,96,|0|WHITE|
83	7156|96,97,|0|WHITE|
84	1848|97,98,|0|WHITE|
85	2524|98,99,|0|WHITE|
86	4337|99,100,|0|WHITE|
87	5049|100,101,|0|WHITE|
88	7608|101,102,|0|WHITE|
89	8639|102,103,|0|WHITE|
90	8301|103,104,|0|WHITE|
91	1939|104,105,|0|WHITE|
92	7714|106,107,|0|WHITE|
93	6996|107,108,|0|WHITE|
94	2968|108,109,|0|WHITE|
95	4473|109,110,|0|WHITE|
96	541|110,111,|0|WHITE|
97	3388|111,112,|0|WHITE|
98	5992|112,113,|0|WHITE|
99	2092|113,114,|0|WHITE|
100	2973|114,115,|0|WHITE|
101	9367|115,116,|0|WHITE|
102	2573|116,117,|0|WHITE|
103	2658|117,118,|0|WHITE|
104	9965|118,119,|0|WHITE|
105	8168|119,120,|0|WHITE|
106	67|121,122,|0|WHITE|
107	1546|122,123,|0|WHITE|
108	3243|123,124,|0|WHITE|
109	752|124,125,|0|WHITE|
110	8497|125,126,|0|WHITE|
111	5215|126,127,|0|WHITE|
112	7319|127,128,|0|WHITE|
113	9245|128,129,|0|WHITE|
114	574|129,130,|0|WHITE|
115	7634|130,131,|0|WHITE|
116	2223|131,132,|0|WHITE|
117	8296|132,133,|0|WHITE|
118	3044|133,134,|0|WHITE|
119	9445|134,135,|0|WHITE|
120	120|135,136,|0|WHITE|
121	7064|137,138,|0|WHITE|
122	1045|138,139,|0|WHITE|
123	5210|139,140,|0|WHITE|
124	7347|140,141,|0|WHITE|
125	5870|141,142,|0|WHITE|
126	8487|142,143,|0|WHITE|
127	3701|143,144,|0|WHITE|
128	4301|144,145,|0|WHITE|
129	1899|145,146,|0|WHITE|
130	441|146,147,|0|WHITE|
131	9828|147,148,|0|WHITE|
132	3076|148,149,|0|WHITE|
133	7769|149,150,|0|WHITE|
134	8008|150,151,|0|WHITE|
135	4496|151,152,|0|WHITE|
136	6796|152,153,|0|WHITE|
137	5256|154,155,|0|WHITE|
138	2199|155,156,|0|WHITE|
139	464|156,157,|0|WHITE|
140	5164|157,158,|0|WHITE|
141	4039|158,159,|0|WHITE|
142	1014|159,160,|0|WHITE|
143	8099|160,161,|0|WHITE|
144	7932|161,162,|0|WHITE|
145	1909|162,163,|0|WHITE|
146	3051|163,164,|0|WHITE|
147	4805|164,165,|0|WHITE|
148	1698|165,166,|0|WHITE|
149	8578|166,167,|0|WHITE|
150	1771|167,168,|0|WHITE|
151	5889|168,169,|0|WHITE|
152	5711|169,170,|0|WHITE|
153	9967|170,171,|0|WHITE|
154	6830|172,173,|0|WHITE|
155	2603|173,174,|0|WHITE|
156	9256|174,175,|0|WHITE|
157	3629|175,176,|0|WHITE|
158	2793|176,177,|0|WHITE|
159	5219|177,178,|0|WHITE|
160	6534|178,179,|0|WHITE|
161	8838|179,180,|0|WHITE|
162	944|180,181,|0|WHITE|
163	5113|181,182,|0|WHITE|
164	4981|182,183,|0|WHITE|
165	6811|183,184,|0|WHITE|
166	6958|184,185,|0|WHITE|
167	48|185,186,|0|WHITE|
168	9463|186,187,|0|WHITE|
169	7477|187,188,|0|WHITE|
170	5723|188,189,|0|WHITE|
171	1111|189,190,|0|WHITE|
172	7907|191,192,|0|WHITE|
173	9312|192,193,|0|WHITE|
174	4756|193,194,|0|WHITE|
175	8096|194,195,|0|WHITE|
176	3564|195,196,|0|WHITE|
177	7809|196,197,|0|WHITE|
178	9326|197,198,|0|WHITE|
179	2502|198,199,|0|WHITE|
180	5346|199,200,|0|WHITE|
181	6383|200,201,|0|WHITE|
182	5658|201,202,|0|WHITE|
183	3791|202,203,|0|WHITE|
184	423|203,204,|0|WHITE|
185	701|204,205,|0|WHITE|
186	3417|205,206,|0|WHITE|
187	5042|206,207,|0|WHITE|
188	2669|207,208,|0|WHITE|
189	3759|208,209,|0|WHITE|
190	5017|209,210,|0|WHITE|
191	8754|211,212,|0|WHITE|
192	6389|212,213,|0|WHITE|
193	4368|213,214,|0|WHITE|
194	7284|214,215,|0|WHITE|
195	2150|215,216,|0|WHITE|
196	7288|216,217,|0|WHITE|
197	6145|217,218,|0|WHITE|
198	459|218,219,|0|WHITE|
199	4079|219,220,|0|WHITE|
200	1631|220,221,|0|WHITE|
201	7595|221,222,|0|WHITE|
202	620|222,223,|0|WHITE|
203	2350|223,224,|0|WHITE|
204	171|224,225,|0|WHITE|
205	6401|225,226,|0|WHITE|
206	4222|226,227,|0|WHITE|
207	1182|227,228,|0|WHITE|
208	5561|228,229,|0|WHITE|
209	2669|229,230,|0|WHITE|
210	7641|230,231,|0|WHITE|
211	3335|232,233,|0|WHITE|
212	696|233,234,|0|WHITE|
213	6551|234,235,|0|WHITE|
214	360|235,236,|0|WHITE|
215	454|236,237,|0|WHITE|
216	708|237,238,|0|WHITE|
217	5378|238,239,|0|WHITE|
218	7750|239,240,|0|WHITE|
219	8156|240,241,|0|WHITE|
220	3187|241,242,|0|WHITE|
221	4263|242,243,|0|WHITE|
222	8282|243,244,|0|WHITE|
223	9494|244,245,|0|WHITE|
224	9607|245,246,|0|WHITE|
225	1989|246,247,|0|WHITE|
226	435|247,248,|0|WHITE|
227	1558|248,249,|0|WHITE|
228	5920|249,250,|0|WHITE|
229	909|250,251,|0|WHITE|
230	6567|251,252,|0|WHITE|
231	5174|252,253,|0|WHITE|
232	1771|254,255,|0|WHITE|
233	5573|255,256,|0|WHITE|
234	4603|256,257,|0|WHITE|
235	6962|257,258,|0|WHITE|
236	5957|258,259,|0|WHITE|
237	9870|259,260,|0|WHITE|
238	3482|260,261,|0|WHITE|
239	6287|261,262,|0|WHITE|
240	324|262,263,|0|WHITE|
241	6551|263,264,|0|WHITE|
242	5035|264,265,|0|WHITE|
243	7100|265,266,|0|WHITE|
244	5595|266,267,|0|WHITE|
245	6189|267,268,|0|WHITE|
246	3178|268,269,|0|WHITE|
247	6047|269,270,|0|WHITE|
248	354|270,271,|0|WHITE|
249	4873|271,272,|0|WHITE|
250	1168|272,273,|0|WHITE|
251	3815|273,274,|0|WHITE|
252	8771|274,275,|0|WHITE|
253	1222|275,276,|0|WHITE|
254	8982|277,278,|0|WHITE|
255	6194|278,279,|0|WHITE|
256	3575|279,280,|0|WHITE|
257	3673|280,281,|0|WHITE|
258	5892|281,282,|0|WHITE|
259	5035|282,283,|0|WHITE|
260	8234|283,284,|0|WHITE|
261	8414|284,285,|0|WHITE|
262	7744|285,286,|0|WHITE|
263	6956|286,287,|0|WHITE|
264	6341|287,288,|0|WHITE|
265	6824|288,289,|0|WHITE|
266	4562|289,290,|0|WHITE|
267	9416|290,291,|0|WHITE|
268	6808|291,292,|0|WHITE|
269	8836|292,293,|0|WHITE|
270	1692|293,294,|0|WHITE|
271	9636|294,295,|0|WHITE|
272	609|295,296,|0|WHITE|
273	5238|296,297,|0|WHITE|
274	6918|297,298,|0|WHITE|
275	1685|298,299,|0|WHITE|
276	8565|299,300,|0|WHITE|
277	7610|301,302,|0|WHITE|
278	6713|302,303,|0|WHITE|
279	1077|303,304,|0|WHITE|
280	9905|304,305,|0|WHITE|
281	9328|305,306,|0|WHITE|
282	7107|306,307,|0|WHITE|
283	4166|307,308,|0|WHITE|
284	8230|308,309,|0|WHITE|
285	4864|309,310,|0|WHITE|
286	8540|310,311,|0|WHITE|
287	1762|311,312,|0|WHITE|
288	4870|312,313,|0|WHITE|
289	7483|313,314,|0|WHITE|
290	9504|314,315,|0|WHITE|
291	2516|315,316,|0|WHITE|
292	9634|316,317,|0|WHITE|
293	7336|317,318,|0|WHITE|
294	761|318,319,|0|WHITE|
295	1805|319,320,|0|WHITE|
296	5454|320,321,|0|WHITE|
297	2967|321,322,|0|WHITE|
298	530|322,323,|0|WHITE|
299	6166|323,324,|0|WHITE|
300	6541|324,325,|0|WHITE|
301	9277|326,327,|0|WHITE|
302	1113|327,328,|0|WHITE|
303	1596|328,329,|0|WHITE|
304	9327|329,330,|0|WHITE|
305	4106|330,331,|0|WHITE|
306	9159|331,332,|0|WHITE|
307	6484|332,333,|0|WHITE|
308	1666|333,334,|0|WHITE|
309	3774|334,335,|0|WHITE|
310	5001|335,336,|0|WHITE|
311	6357|336,337,|0|WHITE|
312	8586|337,338,|0|WHITE|
313	5151|338,339,|0|WHITE|
314	1306|339,340,|0|WHITE|
315	8160|340,341,|0|WHITE|
316	2201|341,342,|0|WHITE|
317	8124|342,343,|0|WHITE|
318	7684|343,344,|0|WHITE|
319	6362|344,345,|0|WHITE|
320	9309|345,346,|0|WHITE|
321	7702|346,347,|0|WHITE|
322	5800|347,348,|0|WHITE|
323	1827|348,349,|0|WHITE|
324	2679|349,350,|0|WHITE|
325	9402|350,351,|0|WHITE|
326	9080|352,353,|0|WHITE|
327	7085|353,354,|0|WHITE|
328	1053|354,355,|0|WHITE|
329	5077|355,356,|0|WHITE|
330	2129|356,357,|0|WHITE|
331	8422|357,358,|0|WHITE|
332	8489|358,359,|0|WHITE|
333	8852|359,360,|0|WHITE|
334	7628|360,361,|0|WHITE|
335	6024|361,362,|0|WHITE|
336	5841|362,363,|0|WHITE|
337	4504|363,364,|0|WHITE|
338	2658|364,365,|0|WHITE|
339	8298|365,366,|0|WHITE|
340	5860|366,367,|0|WHITE|
341	6226|367,368,|0|WHITE|
342	2157|368,369,|0|WHITE|
343	5477|369,370,|0|WHITE|
344	8728|370,371,|0|WHITE|
345	4520|371,372,|0|WHITE|
346	4513|372,373,|0|WHITE|
347	590|373,374,|0|WHITE|
348	6642|374,375,|0|WHITE|
349	7711|375,376,|0|WHITE|
350	3209|376,377,|0|WHITE|
351	3005|377,378,|0|WHITE|
352	4500|379,380,|0|WHITE|
353	7462|380,381,|0|WHITE|
354	8825|381,382,|0|WHITE|
355	848|382,383,|0|WHITE|
356	8698|383,384,|0|WHITE|
357	3585|384,385,|0|WHITE|
358	7756|385,386,|0|WHITE|
359	3857|386,387,|0|WHITE|
360	7587|387,388,|0|WHITE|
361	9434|388,389,|0|WHITE|
362	7531|389,390,|0|WHITE|
363	7443|390,391,|0|WHITE|
364	5232|391,392,|0|WHITE|
365	4212|392,393,|0|WHITE|
366	3761|393,394,|0|WHITE|
367	2111|394,395,|0|WHITE|
368	4765|395,396,|0|WHITE|
369	2628|396,397,|0|WHITE|
370	432|397,398,|0|WHITE|
371	9750|398,399,|0|WHITE|
372	8871|399,400,|0|WHITE|
373	5534|400,401,|0|WHITE|
374	3519|401,402,|0|WHITE|
375	9777|402,403,|0|WHITE|
376	2692|403,404,|0|WHITE|
377	7383|404,405,|0|WHITE|
378	7686|405,406,|0|WHITE|
379	3624|407,408,|0|WHITE|
380	8816|408,409,|0|WHITE|
381	7672|409,410,|0|WHITE|
382	7245|410,411,|0|WHITE|
383	5646|411,412,|0|WHITE|
384	4888|412,413,|0|WHITE|
385	3871|413,414,|0|WHITE|
386	5462|414,415,|0|WHITE|
387	2170|415,416,|0|WHITE|
388	1897|416,417,|0|WHITE|
389	2787|417,418,|0|WHITE|
390	823|418,419,|0|WHITE|
391	8107|419,420,|0|WHITE|
392	5186|420,421,|0|WHITE|
393	5782|421,422,|0|WHITE|
394	4911|422,423,|0|WHITE|
395	2313|423,424,|0|WHITE|
396	835|424,425,|0|WHITE|
397	816|425,426,|0|WHITE|
398	4192|426,427,|0|WHITE|
399	8726|427,428,|0|WHITE|
400	7262|428,429,|0|WHITE|
401	903|429,430,|0|WHITE|
402	7191|430,431,|0|WHITE|
403	187|431,432,|0|WHITE|
404	5542|432,433,|0|WHITE|
405	4234|433,434,|0|WHITE|
406	9292|434,435,|0|WHITE|
407	5817|436,437,|0|WHITE|
408	2292|437,438,|0|WHITE|
409	5964|438,439,|0|WHITE|
410	9704|439,440,|0|WHITE|
411	836|440,441,|0|WHITE|
412	5776|441,442,|0|WHITE|
413	5457|442,443,|0|WHITE|
414	9027|443,444,|0|WHITE|
415	9782|444,445,|0|WHITE|
416	9306|445,446,|0|WHITE|
417	5636|446,447,|0|WHITE|
418	1268|447,448,|0|WHITE|
419	250|448,449,|0|WHITE|
420	5976|449,450,|0|WHITE|
421	3032|450,451,|0|WHITE|
422	1188|451,452,|0|WHITE|
423	4460|452,453,|0|WHITE|
424	5327|453,454,|0|WHITE|
425	8071|454,455,|0|WHITE|
426	6400|455,456,|0|WHITE|
427	229|456,457,|0|WHITE|
428	5587|457,458,|0|WHITE|
429	5243|458,459,|0|WHITE|
430	3777|459,460,|0|WHITE|
431	1265|460,461,|0|WHITE|
432	4847|461,462,|0|WHITE|
433	1853|462,463,|0|WHITE|
434	1421|463,464,|0|WHITE|
435	9092|464,465,|0|WHITE|
436	704|466,467,|0|WHITE|
437	2262|467,468,|0|WHITE|
438	685|468,469,|0|WHITE|
439	5345|469,470,|0|WHITE|
440	716|470,471,|0|WHITE|
441	1758|471,472,|0|WHITE|
442	7567|472,473,|0|WHITE|
443	3740|473,474,|0|WHITE|
444	5354|474,475,|0|WHITE|
445	480|475,476,|0|WHITE|
446	9161|476,477,|0|WHITE|
447	5544|477,478,|0|WHITE|
448	1022|478,479,|0|WHITE|
449	3196|479,480,|0|WHITE|
450	8803|480,481,|0|WHITE|
451	1074|481,482,|0|WHITE|
452	3236|482,483,|0|WHITE|
453	5157|483,484,|0|WHITE|
454	3026|484,485,|0|WHITE|
455	2407|485,486,|0|WHITE|
456	9018|486,487,|0|WHITE|
457	7720|487,488,|0|WHITE|
458	4543|488,489,|0|WHITE|
459	9281|489,490,|0|WHITE|
460	3233|490,491,|0|WHITE|
461	13|491,492,|0|WHITE|
462	8065|492,493,|0|WHITE|
463	996|493,494,|0|WHITE|
464	5680|494,495,|0|WHITE|
465	4485|495,496,|0|WHITE|
466	9963|497,498,|0|WHITE|
467	1991|498,499,|0|WHITE|
468	4531|499,500,|0|WHITE|
469	4900|500,501,|0|WHITE|
470	8560|501,502,|0|WHITE|
471	7771|502,503,|0|WHITE|
472	6957|503,504,|0|WHITE|
473	5041|504,505,|0|WHITE|
474	9103|505,506,|0|WHITE|
475	823|506,507,|0|WHITE|
476	9644|507,508,|0|WHITE|
477	5190|508,509,|0|WHITE|
478	6393|509,510,|0|WHITE|
479	3295|510,511,|0|WHITE|
480	291|511,512,|0|WHITE|
481	1344|512,513,|0|WHITE|
482	8459|513,514,|0|WHITE|
483	4311|514,515,|0|WHITE|
484	6189|515,516,|0|WHITE|
485	8997|516,517,|0|WHITE|
486	6670|517,518,|0|WHITE|
487	5018|518,519,|0|WHITE|
488	7465|519,520,|0|WHITE|
489	9360|520,521,|0|WHITE|
490	1255|521,522,|0|WHITE|
491	3737|522,523,|0|WHITE|
492	714|523,524,|0|WHITE|
493	891|524,525,|0|WHITE|
494	6314|525,526,|0|WHITE|
495	6900|526,527,|0|WHITE|
496	3369|527,528,|0|WHITE|
497	3160|529,530,|0|WHITE|
498	5093|530,531,|0|WHITE|
499	8864|531,532,|0|WHITE|
500	404|532,533,|0|WHITE|
501	3212|533,534,|0|WHITE|
502	4571|534,535,|0|WHITE|
503	5136|535,536,|0|WHITE|
504	2730|536,537,|0|WHITE|
505	6864|537,538,|0|WHITE|
506	8175|538,539,|0|WHITE|
507	9081|539,540,|0|WHITE|
508	991|540,541,|0|WHITE|
509	8629|541,542,|0|WHITE|
510	6874|542,543,|0|WHITE|
511	1727|543,544,|0|WHITE|
512	9398|544,545,|0|WHITE|
513	4353|545,546,|0|WHITE|
514	1791|546,547,|0|WHITE|
515	7975|547,548,|0|WHITE|
516	1676|548,549,|0|WHITE|
517	79|549,550,|0|WHITE|
518	6005|550,551,|0|WHITE|
519	173|551,552,|0|WHITE|
520	5249|552,553,|0|WHITE|
521	9092|553,554,|0|WHITE|
522	9272|554,555,|0|WHITE|
523	1827|555,556,|0|WHITE|
524	401|556,557,|0|WHITE|
525	6713|557,558,|0|WHITE|
526	7010|558,559,|0|WHITE|
527	26|559,560,|0|WHITE|
528	8267|560,561,|0|WHITE|
529	8974|562,563,|0|WHITE|
530	4103|563,564,|0|WHITE|
531	5046|564,565,|0|WHITE|
532	5274|565,566,|0|WHITE|
533	6983|566,567,|0|WHITE|
534	4807|567,568,|0|WHITE|
535	9583|568,569,|0|WHITE|
536	1897|569,570,|0|WHITE|
537	3563|570,571,|0|WHITE|
538	2384|571,572,|0|WHITE|
539	8047|572,573,|0|WHITE|
540	476|573,574,|0|WHITE|
541	2499|574,575,|0|WHITE|
542	5930|575,576,|0|WHITE|
543	8452|576,577,|0|WHITE|
544	214|577,578,|0|WHITE|
545	3611|578,579,|0|WHITE|
546	7346|579,580,|0|WHITE|
547	5579|580,581,|0|WHITE|
548	7471|581,582,|0|WHITE|
549	8807|582,583,|0|WHITE|
550	8361|583,584,|0|WHITE|
551	4272|584,585,|0|WHITE|
552	5997|585,586,|0|WHITE|
553	5233|586,587,|0|WHITE|
554	6109|587,588,|0|WHITE|
555	6024|588,589,|0|WHITE|
556	4832|589,590,|0|WHITE|
557	1692|590,591,|0|WHITE|
558	5886|591,592,|0|WHITE|
559	327|592,593,|0|WHITE|
560	1273|593,594,|0|WHITE|
561	3633|594,595,|0|WHITE|
562	1377|596,597,|0|WHITE|
563	4645|597,598,|0|WHITE|
564	2518|598,599,|0|WHITE|
565	160|599,600,|0|WHITE|
566	5935|600,601,|0|WHITE|
567	3329|601,602,|0|WHITE|
568	2396|602,603,|0|WHITE|
569	3755|603,604,|0|WHITE|
570	3272|604,605,|0|WHITE|
571	6328|605,606,|0|WHITE|
572	8905|606,607,|0|WHITE|
573	9729|607,608,|0|WHITE|
574	2328|608,609,|0|WHITE|
575	3103|609,610,|0|WHITE|
576	4238|610,611,|0|WHITE|
577	7738|611,612,|0|WHITE|
578	8995|612,613,|0|WHITE|
579	5798|613,614,|0|WHITE|
580	1396|614,615,|0|WHITE|
581	2157|615,616,|0|WHITE|
582	6902|616,617,|0|WHITE|
583	8463|617,618,|0|WHITE|
584	558|618,619,|0|WHITE|
585	1575|619,620,|0|WHITE|
586	515|620,621,|0|WHITE|
587	5827|621,622,|0|WHITE|
588	3949|622,623,|0|WHITE|
589	234|623,624,|0|WHITE|
590	6437|624,625,|0|WHITE|
591	6012|625,626,|0|WHITE|
592	126|626,627,|0|WHITE|
593	5832|627,628,|0|WHITE|
594	2979|628,629,|0|WHITE|
595	6441|629,630,|0|WHITE|
596	7307|631,632,|0|WHITE|
597	8791|632,633,|0|WHITE|
598	3842|633,634,|0|WHITE|
599	1132|634,635,|0|WHITE|
600	657|635,636,|0|WHITE|
601	7840|636,637,|0|WHITE|
602	9032|637,638,|0|WHITE|
603	640|638,639,|0|WHITE|
604	289|639,640,|0|WHITE|
605	5535|640,641,|0|WHITE|
606	5045|641,642,|0|WHITE|
607	2925|642,643,|0|WHITE|
608	5151|643,644,|0|WHITE|
609	5220|644,645,|0|WHITE|
610	6760|645,646,|0|WHITE|
611	4623|646,647,|0|WHITE|
612	2934|647,648,|0|WHITE|
613	7859|648,649,|0|WHITE|
614	5524|649,650,|0|WHITE|
615	7361|650,651,|0|WHITE|
616	7679|651,652,|0|WHITE|
617	3131|652,653,|0|WHITE|
618	1427|653,654,|0|WHITE|
619	3046|654,655,|0|WHITE|
620	4833|655,656,|0|WHITE|
621	4257|656,657,|0|WHITE|
622	2937|657,658,|0|WHITE|
623	5389|658,659,|0|WHITE|
624	8209|659,660,|0|WHITE|
625	128|660,661,|0|WHITE|
626	3724|661,662,|0|WHITE|
627	2300|662,663,|0|WHITE|
628	4461|663,664,|0|WHITE|
629	1466|664,665,|0|WHITE|
630	4779|665,666,|0|WHITE|
631	5267|667,668,|0|WHITE|
632	8533|668,669,|0|WHITE|
633	9|669,670,|0|WHITE|
634	9710|670,671,|0|WHITE|
635	7333|671,672,|0|WHITE|
636	7839|672,673,|0|WHITE|
637	986|673,674,|0|WHITE|
638	2533|674,675,|0|WHITE|
639	875|675,676,|0|WHITE|
640	3863|676,677,|0|WHITE|
641	9532|677,678,|0|WHITE|
642	147|678,679,|0|WHITE|
643	22|679,680,|0|WHITE|
644	7337|680,681,|0|WHITE|
645	1095|681,682,|0|WHITE|
646	6244|682,683,|0|WHITE|
647	267|683,684,|0|WHITE|
648	7172|684,685,|0|WHITE|
649	4391|685,686,|0|WHITE|
650	9425|686,687,|0|WHITE|
651	9587|687,688,|0|WHITE|
652	3942|688,689,|0|WHITE|
653	3000|689,690,|0|WHITE|
654	5959|690,691,|0|WHITE|
655	1211|691,692,|0|WHITE|
656	5846|692,693,|0|WHITE|
657	8321|693,694,|0|WHITE|
658	6766|694,695,|0|WHITE|
659	8081|695,696,|0|WHITE|
660	8815|696,697,|0|WHITE|
661	2253|697,698,|0|WHITE|
662	9001|698,699,|0|WHITE|
663	2992|699,700,|0|WHITE|
664	2718|700,701,|0|WHITE|
665	2738|701,702,|0|WHITE|
666	4910|702,703,|0|WHITE|
667	6435|704,705,|0|WHITE|
668	2443|705,706,|0|WHITE|
669	9071|706,707,|0|WHITE|
670	4492|707,708,|0|WHITE|
671	6216|708,709,|0|WHITE|
672	6061|709,710,|0|WHITE|
673	6768|710,711,|0|WHITE|
674	3976|711,712,|0|WHITE|
675	9095|712,713,|0|WHITE|
676	2236|713,714,|0|WHITE|
677	3682|714,715,|0|WHITE|
678	9092|715,716,|0|WHITE|
679	4889|716,717,|0|WHITE|
680	5596|717,718,|0|WHITE|
681	70|718,719,|0|WHITE|
682	689|719,720,|0|WHITE|
683	7730|720,721,|0|WHITE|
684	1847|721,722,|0|WHITE|
685	5340|722,723,|0|WHITE|
686	394|723,724,|0|WHITE|
687	7524|724,725,|0|WHITE|
688	4099|725,726,|0|WHITE|
689	3329|726,727,|0|WHITE|
690	5672|727,728,|0|WHITE|
691	7042|728,729,|0|WHITE|
692	8078|729,730,|0|WHITE|
693	6141|730,731,|0|WHITE|
694	6914|731,732,|0|WHITE|
695	6522|732,733,|0|WHITE|
696	6675|733,734,|0|WHITE|
697	3795|734,735,|0|WHITE|
698	4000|735,736,|0|WHITE|
699	8177|736,737,|0|WHITE|
700	3662|737,738,|0|WHITE|
701	3259|738,739,|0|WHITE|
702	6130|739,740,|0|WHITE|
703	7610|740,741,|0|WHITE|
704	2258|742,743,|0|WHITE|
705	5763|743,744,|0|WHITE|
706	6708|744,745,|0|WHITE|
707	7737|745,746,|0|WHITE|
708	6758|746,747,|0|WHITE|
709	5762|747,748,|0|WHITE|
710	4507|748,749,|0|WHITE|
711	3566|749,750,|0|WHITE|
712	4424|750,751,|0|WHITE|
713	8365|751,752,|0|WHITE|
714	3451|752,753,|0|WHITE|
715	2915|753,754,|0|WHITE|
716	465|754,755,|0|WHITE|
717	4607|755,756,|0|WHITE|
718	5963|756,757,|0|WHITE|
719	9007|757,758,|0|WHITE|
720	1072|758,759,|0|WHITE|
721	5565|759,760,|0|WHITE|
722	9005|760,761,|0|WHITE|
723	5753|761,762,|0|WHITE|
724	8196|762,763,|0|WHITE|
725	6975|763,764,|0|WHITE|
726	7712|764,765,|0|WHITE|
727	5498|765,766,|0|WHITE|
728	5059|766,767,|0|WHITE|
729	5742|767,768,|0|WHITE|
730	8816|768,769,|0|WHITE|
731	2030|769,770,|0|WHITE|
732	3209|770,771,|0|WHITE|
733	8568|771,772,|0|WHITE|
734	4937|772,773,|0|WHITE|
735	8719|773,774,|0|WHITE|
736	345|774,775,|0|WHITE|
737	728|775,776,|0|WHITE|
738	1278|776,777,|0|WHITE|
739	2792|777,778,|0|WHITE|
740	3133|778,779,|0|WHITE|
741	9997|779,780,|0|WHITE|
742	8226|781,782,|0|WHITE|
743	1983|782,783,|0|WHITE|
744	721|783,784,|0|WHITE|
745	6701|784,785,|0|WHITE|
746	6953|785,786,|0|WHITE|
747	9027|786,787,|0|WHITE|
748	2801|787,788,|0|WHITE|
749	5895|788,789,|0|WHITE|
750	239|789,790,|0|WHITE|
751	2827|790,791,|0|WHITE|
752	701|791,792,|0|WHITE|
753	1815|792,793,|0|WHITE|
754	7406|793,794,|0|WHITE|
755	2497|794,795,|0|WHITE|
756	1211|795,796,|0|WHITE|
757	7901|796,797,|0|WHITE|
758	525|797,798,|0|WHITE|
759	1956|798,799,|0|WHITE|
760	638|799,800,|0|WHITE|
761	7934|800,801,|0|WHITE|
762	8869|801,802,|0|WHITE|
763	8237|802,803,|0|WHITE|
764	936|803,804,|0|WHITE|
765	5126|804,805,|0|WHITE|
766	9949|805,806,|0|WHITE|
767	6296|806,807,|0|WHITE|
768	633|807,808,|0|WHITE|
769	6368|808,809,|0|WHITE|
770	8425|809,810,|0|WHITE|
771	6713|810,811,|0|WHITE|
772	806|811,812,|0|WHITE|
773	8251|812,813,|0|WHITE|
774	8680|813,814,|0|WHITE|
775	397|814,815,|0|WHITE|
776	316|815,816,|0|WHITE|
777	9989|816,817,|0|WHITE|
778	2901|817,818,|0|WHITE|
779	6176|818,819,|0|WHITE|
780	5180|819,820,|0|WHITE|
781	5883|821,822,|0|WHITE|
782	4165|822,823,|0|WHITE|
783	2973|823,824,|0|WHITE|
784	4063|824,825,|0|WHITE|
785	6614|825,826,|0|WHITE|
786	3168|826,827,|0|WHITE|
787	8186|827,828,|0|WHITE|
788	5624|828,829,|0|WHITE|
789	4303|829,830,|0|WHITE|
790	8055|830,831,|0|WHITE|
791	7803|831,832,|0|WHITE|
792	3721|832,833,|0|WHITE|
793	1023|833,834,|0|WHITE|
794	9048|834,835,|0|WHITE|
795	1845|835,836,|0|WHITE|
796	3325|836,837,|0|WHITE|
797	4237|837,838,|0|WHITE|
798	3518|838,839,|0|WHITE|
799	782|839,840,|0|WHITE|
800	3410|840,841,|0|WHITE|
801	5515|841,842,|0|WHITE|
802	2521|842,843,|0|WHITE|
803	4720|843,844,|0|WHITE|
804	3050|844,845,|0|WHITE|
805	785|845,846,|0|WHITE|
806	6882|846,847,|0|WHITE|
807	7356|847,848,|0|WHITE|
808	3478|848,849,|0|WHITE|
809	1374|849,850,|0|WHITE|
810	9420|850,851,|0|WHITE|
811	981|851,852,|0|WHITE|
812	1986|852,853,|0|WHITE|
813	5142|853,854,|0|WHITE|
814	67|854,855,|0|WHITE|
815	7113|855,856,|0|WHITE|
816	3167|856,857,|0|WHITE|
817	6122|857,858,|0|WHITE|
818	2324|858,859,|0|WHITE|
819	9764|859,860,|0|WHITE|
820	9257|860,861,|0|WHITE|
821	9240|862,863,|0|WHITE|
822	2726|863,864,|0|WHITE|
823	4783|864,865,|0|WHITE|
824	4078|865,866,|0|WHITE|
825	3959|866,867,|0|WHITE|
826	9828|867,868,|0|WHITE|
827	9244|868,869,|0|WHITE|
828	4470|869,870,|0|WHITE|
829	6945|870,871,|0|WHITE|
830	5576|871,872,|0|WHITE|
831	9405|872,873,|0|WHITE|
832	8984|873,874,|0|WHITE|
833	9255|874,875,|0|WHITE|
834	9900|875,876,|0|WHITE|
835	4457|876,877,|0|WHITE|
836	6075|877,878,|0|WHITE|
837	7944|878,879,|0|WHITE|
838	8826|879,880,|0|WHITE|
839	5918|880,881,|0|WHITE|
840	3086|881,882,|0|WHITE|
841	5487|882,883,|0|WHITE|
842	7507|883,884,|0|WHITE|
843	9357|884,885,|0|WHITE|
844	2894|885,886,|0|WHITE|
845	2955|886,887,|0|WHITE|
846	2176|887,888,|0|WHITE|
847	5932|888,889,|0|WHITE|
848	7258|889,890,|0|WHITE|
849	4504|890,891,|0|WHITE|
850	9219|891,892,|0|WHITE|
851	6115|892,893,|0|WHITE|
852	4612|893,894,|0|WHITE|
853	1390|894,895,|0|WHITE|
854	5323|895,896,|0|WHITE|
855	6949|896,897,|0|WHITE|
856	5366|897,898,|0|WHITE|
857	3494|898,899,|0|WHITE|
858	9970|899,900,|0|WHITE|
859	7190|900,901,|0|WHITE|
860	9565|901,902,|0|WHITE|
861	5099|902,903,|0|WHITE|
862	408|904,905,|0|WHITE|
863	1771|905,906,|0|WHITE|
864	233|906,907,|0|WHITE|
865	9549|907,908,|0|WHITE|
866	9691|908,909,|0|WHITE|
867	8154|909,910,|0|WHITE|
868	641|910,911,|0|WHITE|
869	4346|911,912,|0|WHITE|
870	372|912,913,|0|WHITE|
871	2372|913,914,|0|WHITE|
872	5306|914,915,|0|WHITE|
873	4199|915,916,|0|WHITE|
874	9991|916,917,|0|WHITE|
875	1790|917,918,|0|WHITE|
876	2614|918,919,|0|WHITE|
877	4628|919,920,|0|WHITE|
878	9646|920,921,|0|WHITE|
879	4980|921,922,|0|WHITE|
880	1610|922,923,|0|WHITE|
881	2803|923,924,|0|WHITE|
882	3596|924,925,|0|WHITE|
883	6476|925,926,|0|WHITE|
884	6735|926,927,|0|WHITE|
885	5484|927,928,|0|WHITE|
886	6132|928,929,|0|WHITE|
887	5633|929,930,|0|WHITE|
888	2054|930,931,|0|WHITE|
889	6181|931,932,|0|WHITE|
890	1731|932,933,|0|WHITE|
891	4350|933,934,|0|WHITE|
892	891|934,935,|0|WHITE|
893	4916|935,936,|0|WHITE|
894	5913|936,937,|0|WHITE|
895	7961|937,938,|0|WHITE|
896	7657|938,939,|0|WHITE|
897	4368|939,940,|0|WHITE|
898	7146|940,941,|0|WHITE|
899	7280|941,942,|0|WHITE|
900	6168|942,943,|0|WHITE|
901	5573|943,944,|0|WHITE|
902	4644|944,945,|0|WHITE|
903	7463|945,946,|0|WHITE|
904	2764|947,948,|0|WHITE|
905	4872|948,949,|0|WHITE|
906	2984|949,950,|0|WHITE|
907	1130|950,951,|0|WHITE|
908	3119|951,952,|0|WHITE|
909	1307|952,953,|0|WHITE|
910	2067|953,954,|0|WHITE|
911	9021|954,955,|0|WHITE|
912	8833|955,956,|0|WHITE|
913	320|956,957,|0|WHITE|
914	175|957,958,|0|WHITE|
915	1340|958,959,|0|WHITE|
916	3573|959,960,|0|WHITE|
917	5251|960,961,|0|WHITE|
918	8588|961,962,|0|WHITE|
919	6919|962,963,|0|WHITE|
920	8844|963,964,|0|WHITE|
921	2877|964,965,|0|WHITE|
922	8567|965,966,|0|WHITE|
923	5325|966,967,|0|WHITE|
924	6300|967,968,|0|WHITE|
925	3049|968,969,|0|WHITE|
926	5378|969,970,|0|WHITE|
927	9129|970,971,|0|WHITE|
928	6921|971,972,|0|WHITE|
929	5313|972,973,|0|WHITE|
930	9471|973,974,|0|WHITE|
931	9705|974,975,|0|WHITE|
932	7350|975,976,|0|WHITE|
933	7360|976,977,|0|WHITE|
934	1923|977,978,|0|WHITE|
935	107|978,979,|0|WHITE|
936	219|979,980,|0|WHITE|
937	1110|980,981,|0|WHITE|
938	9836|981,982,|0|WHITE|
939	2867|982,983,|0|WHITE|
940	8386|983,984,|0|WHITE|
941	2290|984,985,|0|WHITE|
942	7486|985,986,|0|WHITE|
943	8872|986,987,|0|WHITE|
944	2663|987,988,|0|WHITE|
945	8492|988,989,|0|WHITE|
946	730|989,990,|0|WHITE|
947	5867|991,992,|0|WHITE|
948	8841|992,993,|0|WHITE|
949	8856|993,994,|0|WHITE|
950	5413|994,995,|0|WHITE|
951	1612|995,996,|0|WHITE|
952	2596|996,997,|0|WHITE|
953	5748|997,998,|0|WHITE|
954	5338|998,999,|0|WHITE|
955	7189|999,1000,|0|WHITE|
956	203|1000,1001,|0|WHITE|
957	5146|1001,1002,|0|WHITE|
958	1741|1002,1003,|0|WHITE|
959	595|1003,1004,|0|WHITE|
960	8910|1004,1005,|0|WHITE|
961	7746|1005,1006,|0|WHITE|
962	4155|1006,1007,|0|WHITE|
963	9357|1007,1008,|0|WHITE|
964	3261|1008,1009,|0|WHITE|
965	7284|1009,1010,|0|WHITE|
966	2035|1010,1011,|0|WHITE|
967	3615|1011,1012,|0|WHITE|
968	2738|1012,1013,|0|WHITE|
969	6013|1013,1014,|0|WHITE|
970	7593|1014,1015,|0|WHITE|
971	7917|1015,1016,|0|WHITE|
972	1633|1016,1017,|0|WHITE|
973	9843|1017,1018,|0|WHITE|
974	2925|1018,1019,|0|WHITE|
975	754|1019,1020,|0|WHITE|
976	4269|1020,1021,|0|WHITE|
977	7264|1021,1022,|0|WHITE|
978	8673|1022,1023,|0|WHITE|
979	5793|1023,1024,|0|WHITE|
980	7381|1024,1025,|0|WHITE|
981	6835|1025,1026,|0|WHITE|
982	7263|1026,1027,|0|WHITE|
983	7709|1027,1028,|0|WHITE|
984	6751|1028,1029,|0|WHITE|
985	7766|1029,1030,|0|WHITE|
986	1013|1030,1031,|0|WHITE|
987	8521|1031,1032,|0|WHITE|
988	7056|1032,1033,|0|WHITE|
989	6920|1033,1034,|0|WHITE|
990	4360|1034,1035,|0|WHITE|
991	7443|1036,1037,|0|WHITE|
992	2273|1037,1038,|0|WHITE|
993	3418|1038,1039,|0|WHITE|
994	9801|1039,1040,|0|WHITE|
995	8378|1040,1041,|0|WHITE|
996	8974|1041,1042,|0|WHITE|
997	8954|1042,1043,|0|WHITE|
998	9246|1043,1044,|0|WHITE|
999	4411|1044,1045,|0|WHITE|
1000	6370|1045,1046,|0|WHITE|
1001	7927|1046,1047,|0|WHITE|
1002	5950|1047,1048,|0|WHITE|
1003	7904|1048,1049,|0|WHITE|
1004	5051|1049,1050,|0|WHITE|
1005	6515|1050,1051,|0|WHITE|
1006	7396|1051,1052,|0|WHITE|
1007	8136|1052,1053,|0|WHITE|
1008	1045|1053,1054,|0|WHITE|
1009	3969|1054,1055,|0|WHITE|
1010	6132|1055,1056,|0|WHITE|
1011	5834|1056,1057,|0|WHITE|
1012	3021|1057,1058,|0|WHITE|
1013	2540|1058,1059,|0|WHITE|
1014	3863|1059,1060,|0|WHITE|
1015	5369|1060,1061,|0|WHITE|
1016	8259|1061,1062,|0|WHITE|
1017	4713|1062,1063,|0|WHITE|
1018	3878|1063,1064,|0|WHITE|
1019	938|1064,1065,|0|WHITE|
1020	7348|1065,1066,|0|WHITE|
1021	7709|1066,1067,|0|WHITE|
1022	8282|1067,1068,|0|WHITE|
1023	2613|1068,1069,|0|WHITE|
1024	8476|1069,1070,|0|WHITE|
1025	5590|1070,1071,|0|WHITE|
1026	9457|1071,1072,|0|WHITE|
1027	1787|1072,1073,|0|WHITE|
1028	9665|1073,1074,|0|WHITE|
1029	8699|1074,1075,|0|WHITE|
1030	9658|1075,1076,|0|WHITE|
1031	3258|1076,1077,|0|WHITE|
1032	1318|1077,1078,|0|WHITE|
1033	8696|1078,1079,|0|WHITE|
1034	8707|1079,1080,|0|WHITE|
1035	2945|1080,1081,|0|WHITE|
1036	2046|1082,1083,|0|WHITE|
1037	4951|1083,1084,|0|WHITE|
1038	7421|1084,1085,|0|WHITE|
1039	6082|1085,1086,|0|WHITE|
1040	7912|1086,1087,|0|WHITE|
1041	4707|1087,1088,|0|WHITE|
1042	3529|1088,1089,|0|WHITE|
1043	598|1089,1090,|0|WHITE|
1044	8938|1090,1091,|0|WHITE|
1045	5077|1091,1092,|0|WHITE|
1046	7661|1092,1093,|0|WHITE|
1047	4384|1093,1094,|0|WHITE|
1048	6996|1094,1095,|0|WHITE|
1049	9684|1095,1096,|0|WHITE|
1050	9235|1096,1097,|0|WHITE|
1051	3127|1097,1098,|0|WHITE|
1052	6083|1098,1099,|0|WHITE|
1053	6544|1099,1100,|0|WHITE|
1054	6007|1100,1101,|0|WHITE|
1055	7501|1101,1102,|0|WHITE|
1056	9347|1102,1103,|0|WHITE|
1057	6667|1103,1104,|0|WHITE|
1058	6444|1104,1105,|0|WHITE|
1059	4635|1105,1106,|0|WHITE|
1060	7229|1106,1107,|0|WHITE|
1061	4760|1107,1108,|0|WHITE|
1062	1094|1108,1109,|0|WHITE|
1063	8971|1109,1110,|0|WHITE|
1064	7614|1110,1111,|0|WHITE|
1065	4417|1111,1112,|0|WHITE|
1066	7722|1112,1113,|0|WHITE|
1067	1933|1113,1114,|0|WHITE|
1068	1969|1114,1115,|0|WHITE|
1069	208|1115,1116,|0|WHITE|
1070	5048|1116,1117,|0|WHITE|
1071	8094|1117,1118,|0|WHITE|
1072	1119|1118,1119,|0|WHITE|
1073	8218|1119,1120,|0|WHITE|
1074	1666|1120,1121,|0|WHITE|
1075	7993|1121,1122,|0|WHITE|
1076	522|1122,1123,|0|WHITE|
1077	4744|1123,1124,|0|WHITE|
1078	9958|1124,1125,|0|WHITE|
1079	4152|1125,1126,|0|WHITE|
1080	7693|1126,1127,|0|WHITE|
1081	89|1127,1128,|0|WHITE|
1082	9612|1129,1130,|0|WHITE|
1083	7380|1130,1131,|0|WHITE|
1084	3771|1131,1132,|0|WHITE|
1085	710|1132,1133,|0|WHITE|
1086	1762|1133,1134,|0|WHITE|
1087	5054|1134,1135,|0|WHITE|
1088	7126|1135,1136,|0|WHITE|
1089	8320|1136,1137,|0|WHITE|
1090	2685|1137,1138,|0|WHITE|
1091	1662|1138,1139,|0|WHITE|
1092	9388|1139,1140,|0|WHITE|
1093	8978|1140,1141,|0|WHITE|
1094	5499|1141,1142,|0|WHITE|
1095	4646|1142,1143,|0|WHITE|
1096	3294|1143,1144,|0|WHITE|
1097	8688|1144,1145,|0|WHITE|
1098	9370|1145,1146,|0|WHITE|
1099	5317|1146,1147,|0|WHITE|
1100	7359|1147,1148,|0|WHITE|
1101	4567|1148,1149,|0|WHITE|
1102	8370|1149,1150,|0|WHITE|
1103	5459|1150,1151,|0|WHITE|
1104	4536|1151,1152,|0|WHITE|
1105	2262|1152,1153,|0|WHITE|
1106	6300|1153,1154,|0|WHITE|
1107	5134|1154,1155,|0|WHITE|
1108	733|1155,1156,|0|WHITE|
1109	971|1156,1157,|0|WHITE|
1110	9561|1157,1158,|0|WHITE|
1111	6144|1158,1159,|0|WHITE|
1112	4359|1159,1160,|0|WHITE|
1113	7153|1160,1161,|0|WHITE|
1114	7467|1161,1162,|0|WHITE|
1115	8628|1162,1163,|0|WHITE|
1116	9912|1163,1164,|0|WHITE|
1117	6814|1164,1165,|0|WHITE|
1118	8260|1165,1166,|0|WHITE|
1119	5362|1166,1167,|0|WHITE|
1120	7016|1167,1168,|0|WHITE|
1121	4115|1168,1169,|0|WHITE|
1122	9541|1169,1170,|0|WHITE|
1123	9460|1170,1171,|0|WHITE|
1124	1306|1171,1172,|0|WHITE|
1125	981|1172,1173,|0|WHITE|
1126	3825|1173,1174,|0|WHITE|
1127	6374|1174,1175,|0|WHITE|
1128	5069|1175,1176,|0|WHITE|
1129	8361|1177,1178,|0|WHITE|
1130	3493|1178,1179,|0|WHITE|
1131	390|1179,1180,|0|WHITE|
1132	3674|1180,1181,|0|WHITE|
1133	4850|1181,1182,|0|WHITE|
1134	4541|1182,1183,|0|WHITE|
1135	9096|1183,1184,|0|WHITE|
1136	8460|1184,1185,|0|WHITE|
1137	2493|1185,1186,|0|WHITE|
1138	5224|1186,1187,|0|WHITE|
1139	6751|1187,1188,|0|WHITE|
1140	7965|1188,1189,|0|WHITE|
1141	2760|1189,1190,|0|WHITE|
1142	3920|1190,1191,|0|WHITE|
1143	8877|1191,1192,|0|WHITE|
1144	7202|1192,1193,|0|WHITE|
1145	7919|1193,1194,|0|WHITE|
1146	394|1194,1195,|0|WHITE|
1147	5969|1195,1196,|0|WHITE|
1148	8981|1196,1197,|0|WHITE|
1149	4346|1197,1198,|0|WHITE|
1150	5975|1198,1199,|0|WHITE|
1151	3758|1199,1200,|0|WHITE|
1152	2230|1200,1201,|0|WHITE|
1153	4641|1201,1202,|0|WHITE|
1154	1135|1202,1203,|0|WHITE|
1155	1125|1203,1204,|0|WHITE|
1156	9698|1204,1205,|0|WHITE|
1157	4879|1205,1206,|0|WHITE|
1158	3430|1206,1207,|0|WHITE|
1159	4465|1207,1208,|0|WHITE|
1160	1502|1208,1209,|0|WHITE|
1161	1795|1209,1210,|0|WHITE|
1162	4859|1210,1211,|0|WHITE|
1163	9068|1211,1212,|0|WHITE|
1164	1531|1212,1213,|0|WHITE|
1165	2233|1213,1214,|0|WHITE|
1166	5295|1214,1215,|0|WHITE|
1167	3901|1215,1216,|0|WHITE|
1168	906|1216,1217,|0|WHITE|
1169	3839|1217,1218,|0|WHITE|
1170	7849|1218,1219,|0|WHITE|
1171	6098|1219,1220,|0|WHITE|
1172	6405|1220,1221,|0|WHITE|
1173	1623|1221,1222,|0|WHITE|
1174	2772|1222,1223,|0|WHITE|
1175	5385|1223,1224,|0|WHITE|
1176	2056|1224,1225,|0|WHITE|
1177	9751|1226,1227,|0|WHITE|
1178	8824|1227,1228,|0|WHITE|
1179	6710|1228,1229,|0|WHITE|
1180	8920|1229,1230,|0|WHITE|
1181	1747|1230,1231,|0|WHITE|
1182	4906|1231,1232,|0|WHITE|
1183	1411|1232,1233,|0|WHITE|
1184	1538|1233,1234,|0|WHITE|
1185	5134|1234,1235,|0|WHITE|
1186	184|1235,1236,|0|WHITE|
1187	3420|1236,1237,|0|WHITE|
1188	9440|1237,1238,|0|WHITE|
1189	8450|1238,1239,|0|WHITE|
1190	7965|1239,1240,|0|WHITE|
1191	7169|1240,1241,|0|WHITE|
1192	8679|1241,1242,|0|WHITE|
1193	9609|1242,1243,|0|WHITE|
1194	7117|1243,1244,|0|WHITE|
1195	8177|1244,1245,|0|WHITE|
1196	1438|1245,1246,|0|WHITE|
1197	4561|1246,1247,|0|WHITE|
1198	4963|1247,1248,|0|WHITE|
1199	5590|1248,1249,|0|WHITE|
1200	1412|1249,1250,|0|WHITE|
1201	4378|1250,1251,|0|WHITE|
1202	7282|1251,1252,|0|WHITE|
1203	8360|1252,1253,|0|WHITE|