6	10011	20665
6	10011	25407
6	10011	25692
6	10011	47738
6	10011	53909
6	10011	83391
6	10015	28193
6	10015	2833
6	10015	29827
6	10015	33741
6	10015	34235
6	10015	5723
6	10015	60797
6	10015	64724
6	10015	71205
6	10015	77115
6	10015	84399
6	10015	85668
6	10015	94555
6	10015	98817
6	10058	10611
6	10058	24982
6	10058	25017
6	10058	47681
6	10058	53799
6	10058	56052
6	10058	62931
6	10058	77980
6	10058	92242
6	10058	96100
6	10058	96639
6	10058	99117
6	10071	12125
6	10071	242
6	10071	31461
6	10071	33173
6	10071	3357
6	10071	616
6	10071	76535
6	10071	7972
6	10071	83687
6	10071	9002
6	10071	98833
6	10085	22918
6	10085	23512
6	10085	25832
6	10085	2732
6	10085	28
6	10085	34122
6	10085	36427
6	10085	41610
6	10085	51142
6	10085	54080
6	10085	6972
6	10085	72824
6	10085	76691
6	10085	84656
6	10085	99822
6	10086	10631
6	10086	22024
6	10086	26375
6	10086	34983
6	10086	34986
6	10086	38235
6	10086	40569
6	10086	41889
6	10086	46990
6	10086	57703
6	10086	75871
6	10086	99875
6	1009	17655
6	1009	27809
6	1009	28033
6	1009	33686
6	1009	36158
6	1009	39325
6	1009	44493
6	1009	45902
6	1009	67626
6	1009	70454
6	1009	72664
6	1009	77261
6	1009	80733
6	1009	81579
6	1009	890
6	1009	9002
6	1009	92339
6	10098	14287
6	10098	16661
6	10098	19511
6	10098	59822
6	10098	66797
6	10098	77018
6	10098	77903
6	10113	25209
6	10113	35081
6	10113	48316
6	10113	6271
6	10113	6543
6	10113	76023
6	10113	81336
6	10113	84593
6	10113	9424
6	10113	97874
6	1012	14387
6	1012	23666
6	1012	2808
6	1012	33836
6	1012	47111
6	1012	61329
6	1012	65800
6	1012	75422
6	1012	77222
6	1012	77980
6	1012	82500
6	1012	83340
6	1012	87424
6	1012	88454
6	1012	91447
6	10130	18125
6	10130	3725
6	10130	39156
6	10130	51277
6	10130	58866
6	10130	64544
6	10130	83514
6	10130	89170
6	10163	17565
6	10163	25832
6	10163	2645
6	10163	34529
6	10163	42374
6	10163	54398
6	10163	63215
6	10163	64761
6	10163	73630
6	10195	13859
6	10195	17099
6	10195	41072
6	10195	42119
6	10195	488
6	10195	58137
6	10195	73107
6	10195	77617
6	10195	80398
6	10195	92360
6	10211	14382
6	10211	16929
6	10211	25227
6	10211	25839
6	10211	356
6	10211	59690
6	10211	60635
6	10211	67829
6	10211	72556
6	10211	92882
6	10218	12084
6	10218	17775
6	10218	35276
6	10218	38295
6	10218	45823
6	10218	55549
6	10218	6048
6	10218	69816
6	10218	70454
6	10218	71126
6	10218	78098
6	10218	83952
6	10218	8743
6	10218	91769
6	10236	11452
6	10236	11736
6	10236	13062
6	10236	19144
6	10236	21015
6	10236	30388
6	10236	34014
6	10236	38953
6	10236	47639
6	10236	51010
6	10236	53042
6	10236	56746
6	10236	61908
6	10236	62152
6	10236	62153
6	10236	72157
6	10236	7484
6	10236	75580
6	10272	128
6	10272	22969
6	10272	26889
6	10272	3055
6	10272	33538
6	10272	43225
6	10272	59163
6	10272	75477
6	10272	76535
6	10272	7707
6	10272	83867
6	10272	89842
6	10273	11452
6	10273	17173
6	10273	20250
6	10273	32856
6	10273	45818
6	10273	48105
6	10273	65547
6	10273	69290
6	10273	85711
6	10278	11507
6	10278	26358
6	10278	41385
6	10278	4764
6	10278	53154
6	10278	5375
6	10278	61201
6	10278	75615
6	10278	94350
6	10278	98305
6	10278	98700
6	10278	99475
6	10318	23718
6	10318	3299
6	10318	38110
6	10318	66865
6	10318	6704
6	10318	71246
6	10318	95948
6	10351	1434
6	10351	14738
6	10351	3314
6	10351	35030
6	10351	38476
6	10351	51316
6	10351	56475
6	10351	6124
6	10351	66803
6	10351	73623
6	10351	84640
6	10351	8854
6	10354	12172
6	10354	33331
6	10354	43066
6	10354	45549
6	10354	55655
6	10354	66182
6	10354	75749
6	10354	765
6	10354	7743
6	1036	27067
6	1036	30091
6	1036	37104
6	1036	71850
6	1036	77330
6	1036	89203
6	10364	11716
6	10364	12872
6	10364	26889
6	10364	27973
6	10364	46203
6	10364	55588
6	10364	58375
6	10364	66803
6	10364	67831
6	10364	69590
6	10364	80124
6	10364	91539
6	10374	23349
6	10374	26045
6	10374	47785
6	10374	48567
6	10374	50972
6	10374	52129
6	10374	5784
6	10374	6002
6	10374	97457
6	10382	19756
6	10382	32050
6	10382	36856
6	10382	40630
6	10382	46170
6	10382	46833
6	10382	6074
6	10382	67312
6	10382	8115
6	10382	83186
6	104	17819
6	104	36460
6	104	45914
6	104	56603
6	104	70675
6	104	74970
6	104	80535
6	104	97246
6	104	97718
6	1040	12251
6	1040	20029
6	1040	51765
6	1040	52975
6	1040	65444
6	1040	76104
6	1040	85074
6	1040	89841
6	1040	90148
6	1040	93757
6	1040	98945
6	1041	46741
6	1041	49870
6	1041	51440
6	1041	54795
6	1041	7435
6	1041	92002
6	10420	29012
6	10420	43439
6	10420	59603
6	10420	62685
6	10420	76203
6	10420	93210
6	10420	95582
6	10427	21047
6	10427	30460
6	10427	43924
6	10427	53312
6	10427	55369
6	10427	60883
6	10427	68105
6	10427	68294
6	10427	70880
6	10427	75851
6	10427	87840
6	10427	89605
6	10427	96672
6	10445	38476
6	10445	47221
6	10445	58177
6	10445	95526
6	10445	99638
6	10457	36672
6	10457	44321
6	10457	51316
6	10457	56746
6	10457	59690
6	10457	68036
6	10457	72609
6	10457	80821
6	10457	9210
6	10457	93734
6	10466	44860
6	10466	70593
6	10466	76956
6	10466	78165
6	10466	79152
6	10466	81579
6	10466	93527
6	10466	99475
6	10467	1156
6	10467	21325
6	10467	23349
6	10467	23405
6	10467	24340
6	10467	25288
6	10467	32139
6	10467	3299
6	10467	38652
6	10467	41610
6	10467	49151
6	10467	5007
6	10467	57513
6	10467	57864
6	10467	64830
6	10467	78009
6	10470	16086
6	10470	38714
6	10470	48386
6	10470	69087
6	10470	94347
6	10472	17298
6	10472	52843
6	10472	80256
6	10472	99475
6	10482	1083
6	10482	14238
6	10482	16086
6	10482	18068
6	10482	19264
6	10482	26321
6	10482	29203
6	10482	32254
6	10482	43321
6	10482	5492
6	10482	7512
6	10482	75169
6	10482	80733
6	10482	8382
6	10482	88173
6	10482	90323
6	10482	94210
6	10482	9904
6	10487	27125
6	10487	43038
6	10487	49589
6	10487	62367
6	10487	82474
6	10499	22870
6	10499	24502
6	10499	24916
6	10499	25544
6	10499	30388
6	10499	33685
6	10499	39521
6	10499	55456
6	10499	61916
6	10499	67399
6	10499	73595
6	10499	82457
6	105	12638
6	105	24340
6	105	27001
6	105	46789
6	105	57603
6	105	59012
6	105	71458
6	105	75211
6	105	7794
6	10519	27241
6	10519	47073
6	10519	5285
6	10519	63589
6	10519	77018
6	10520	20926
6	10520	23079
6	10520	242
6	10520	24950
6	10520	32901
6	10520	58949
6	10520	68105
6	10520	82020
6	10520	91684
6	10520	93474
6	10538	13123
6	10538	1485
6	10538	19635
6	10538	29831
6	10538	30961
6	10538	34602
6	10538	45997
6	10538	48596
6	10538	64488
6	10538	64987
6	10538	70856
6	10538	90647
6	10538	94832
6	10538	99756
6	10545	17000
6	10545	58850
6	10545	60162
6	10545	81375
6	10545	97
6	10545	97789
6	10558	13846
6	10558	15428
6	10558	21614
6	10558	30790
6	10558	56136
6	10558	66419
6	10572	60856
6	10572	6520
6	10572	73239
6	10572	88701
6	10572	8892
6	10572	89605
6	10572	94175
6	10572	94767
6	10572	98551
6	10586	24846
6	10586	38165
6	10586	58635
6	10586	64999
6	10586	83078
6	10591	16975
6	10591	43909
6	10591	5209
6	10591	53326
6	10591	66024
6	10591	66337
6	10591	81253
6	10604	24553
6	10604	29471
6	10604	34677
6	10604	37377
6	10604	38141
6	10604	43183
6	10604	57324
6	10604	66964
6	10604	68855
6	10604	72037
6	10604	87314
6	10604	89605
6	10604	98272
6	10609	17797
6	10609	1862
6	10609	21914
6	10609	22434
6	10609	24858
6	10609	2590
6	10609	27153
6	10609	36121
6	10609	45341
6	10609	47738
6	10609	49631
6	10609	55555
6	10609	60903
6	10609	73558
6	10609	82037
6	10609	84904
6	10609	98138
6	10611	13856
6	10611	26659
6	10611	32456
6	10611	47473
6	10611	5090
6	10611	59451
6	10611	70383
6	10611	83178
6	10611	94772
6	10631	10272
6	10631	13364
6	10631	25017
6	10631	2833
6	10631	32548
6	10631	64544
6	10631	81242
6	10631	82989
6	10631	91121
6	10631	98884
6	10696	14829
6	10696	149
6	10696	24651
6	10696	26375
6	10696	2658
6	10696	28390
6	10696	29989
6	10696	31237
6	10696	42765
6	10696	58577
6	10696	62385
6	10696	65271
6	10696	74527
6	10696	80433
6	10696	82276
6	10696	88129
6	10696	91602
6	10696	95109
6	10696	97455
6	10726	23511
6	10726	51142
6	10726	51852
6	10726	58546
6	10726	72264
6	10726	75146
6	10726	76195
6	10726	77201
6	10726	85557
6	10726	90465
6	10726	98259
6	10730	28310
6	10730	29827
6	10730	48575
6	10730	49842
6	10730	51865
6	10730	78713
6	10730	84356
6	10760	12640
6	10760	1267
6	10760	13907
6	10760	14092
6	10760	18632
6	10760	29811
6	10760	70815
6	10760	82457
6	10760	87649
6	10770	14604
6	10770	15113
6	10770	28963
6	10770	40012
6	10770	57532
6	10770	57840
6	10770	61727
6	10770	63745
6	10770	64281
6	10770	75032
6	10770	77722
6	10778	21417
6	10778	39984
6	10778	46001
6	10778	62554
6	10778	69608
6	10778	76104
6	10778	85809
6	10792	12843
6	10792	18920
6	10792	82500
6	10808	13234
6	10808	14238
6	10808	16287
6	10808	19534
6	10808	24494
6	10808	26183
6	10808	27103
6	10808	39242
6	10808	51281
6	10808	51601
6	10808	53669
6	10808	54242
6	10808	6819
6	10808	72493
6	10808	7818
6	1081	14940
6	1081	47413
6	1081	85073
6	1081	95948
6	1083	12648
6	1083	23646
6	1083	26658
6	1083	50791
6	1083	53351
6	1083	68534
6	1083	69531
6	1083	70578
6	1083	94038
6	10844	71959
6	10844	75451
6	10844	77305
6	10844	93245
6	10844	94553
6	10851	5182
6	10867	15396
6	10867	21954
6	10867	27358
6	10867	29189
6	10867	31097
6	10867	43746
6	10867	53186
6	10867	69464
6	10867	82827
6	10867	85641
6	10867	93148
6	10867	98738
6	10870	18986
6	10870	41456
6	10870	4507
6	10870	45759
6	10870	49129
6	10870	73542
6	10884	11507
6	10884	19852
6	10884	27804
6	10884	31470
6	10884	54683
6	10884	60945
6	10884	65348
6	10884	81410
6	10884	90152
6	10884	94668
6	10884	98629
6	10885	23932
6	10885	25269
6	10885	36437
6	10885	44641
6	10885	49110
6	10885	6536
6	10885	71109
6	10885	73489
6	10885	75512
6	10885	82877
6	10885	97192
6	10919	11125
6	10919	33251
6	10919	40243
6	10919	75582
6	10919	78263
6	10919	96798
6	10934	11580
6	10934	13707
6	10934	23929
6	10934	36672
6	10934	45398
6	10934	47012
6	10934	48244
6	10934	6123
6	10934	66376
6	10934	7121
6	10935	11287
6	10935	18183
6	10935	18461
6	10935	23183
6	10935	39628
6	10935	41386
6	10935	49869
6	10935	56146
6	10935	56709
6	10935	60092
6	10935	66935
6	10935	68819
6	10935	77222
6	10935	79706
6	10935	81269
6	10954	13435
6	10954	25431
6	10954	64427
6	10954	64664
6	10954	64822
6	10954	75848
6	10954	81410
6	10960	17298
6	10960	21249
6	10960	22567
6	10960	25936
6	10960	29155
6	10960	29774
6	10960	31481
6	10960	3167
6	10960	3606
6	10960	50225
6	10960	78366
6	10960	82913
6	10960	83391
6	10960	84114
6	10960	87986
6	10960	88018
6	10975	11758
6	10975	23592
6	10975	32505
6	10975	50591
6	10975	58489
6	10975	64766
6	10975	70536
6	10975	73573
6	10975	76252
6	10975	94114
6	10975	96844
6	10990	10760
6	10990	17609
6	10990	18039
6	10990	25832
6	10990	31415
6	10990	36439
6	10990	40718
6	10990	62721
6	10990	65120
6	10990	98154
6	11013	17487
6	11013	21670
6	11013	32956
6	11013	44226
6	11013	63827
6	11013	66081
6	11013	78621
6	11013	79774
6	11013	82282
6	11013	86882
6	11013	94553
6	11051	12826
6	11051	13929
6	11051	26203
6	11051	60189
6	11051	80559
6	11051	83453
6	11051	85344
6	11074	10011
6	11074	21438
6	11074	26313
6	11074	2769
6	11074	50591
6	11074	50847
6	11074	57061
6	11074	61060
6	11074	6215
6	11074	77636
6	11074	87811
6	11074	98945
6	11076	13947
6	11076	17565
6	11076	24819
6	11076	25410
6	11076	29012
6	11076	41684
6	11076	49677
6	11076	53066
6	11076	54020
6	11076	79196
6	11076	79355
6	11076	85466
6	11076	87376
6	11076	97809
6	11082	15924
6	11082	35335
6	11082	36122
6	11082	39855
6	11082	4386
6	11082	49625
6	11082	54518
6	11082	59569
6	11082	63593
6	11082	70880
6	11082	71817
6	11082	78497
6	11086	11051
6	11086	11721
6	11086	25354
6	11086	32918
6	11086	5109
6	11086	53059
6	11086	56080
6	11086	86622
6	11089	11115
6	11089	17667
6	11089	3597
6	11089	42015
6	11090	16086
6	11090	27904
6	11090	51992
6	11090	55683
6	11090	58036
6	11090	77679
6	11090	79232
6	11090	90085
6	11090	91304
6	11090	96798
6	11095	10954
6	11095	19932
6	11095	72682
6	11095	77955
6	11095	8659
6	11095	9176
6	11095	95775
6	11099	40039
6	11099	54941
6	11099	71579
6	111	12259
6	111	15171
6	111	18139
6	111	23932
6	111	242
6	111	2857
6	111	3200
6	111	353
6	111	38298
6	111	43726
6	111	51043
6	111	59248
6	111	85666
6	111	9703
6	11104	1860
6	11104	20285
6	11104	21685
6	11104	31125
6	11104	39492
6	11104	47912
6	11104	53453
6	11104	70722
6	11104	73573
6	11104	75483
6	11104	87085
6	11104	88854
6	11104	9197
6	11104	95569
6	11104	96797
6	11115	20147
6	11115	29189
6	11115	55877
6	11115	59274
6	11115	64946
6	11115	70601
6	11115	79232
6	11115	88157
6	1112	19867
6	1112	24533
6	1112	2514
6	1112	45049
6	1112	47395
6	1112	50413
6	1112	51236
6	1112	53708
6	1112	56853
6	1112	58546
6	1112	61055
6	11125	17451
6	11125	20864
6	11125	2869
6	11125	33356
6	11125	44324
6	11125	47253
6	11125	48042
6	11125	51847
6	11125	61432
6	11125	72906
6	11125	75399
6	11125	75646
6	11125	76903
6	11125	86434
6	11125	86804
6	11125	94616
6	11125	96501
6	11125	98124
6	11129	10696
6	11129	14707
6	11129	2210
6	11129	24277
6	11129	29204
6	11129	52422
6	11129	66801
6	11129	87785
6	11129	91538
6	11129	97953
6	11145	3327
6	11145	46170
6	11145	53009
6	11145	57319
6	11145	58119
6	11145	5979
6	11145	66848
6	11145	92049
6	11145	95850
6	11158	17685
6	11158	2075
6	11158	24317
6	11158	46283
6	11158	52902
6	11158	64830
6	11158	67554
6	11158	67839
6	11158	98170
6	1118	15790
6	1118	32844
6	1118	51010
6	1118	53954
6	1118	64774
6	1118	65817
6	1118	66687
6	1118	72930
6	1118	75402
6	1118	79153
6	1118	82070
6	11239	12640
6	11239	17708
6	11239	52429
6	11239	53996
6	11239	63440
6	11239	68968
6	11239	74326
6	11239	83774
6	11239	90900
6	11248	22371
6	11248	23405
6	11248	29936
6	11248	46741
6	11248	72237
6	11248	86637
6	11248	9807
6	1125	13591
6	1125	14185
6	1125	34910
6	1125	39566
6	1125	41662
6	1125	43637
6	1125	4400
6	1125	46353
6	1125	49683
6	1125	51243
6	1125	55456
6	1125	62452
6	1125	6533
6	1125	9646
6	1125	99743
6	1126	14211
6	1126	17656
6	1126	3183
6	1126	32956
6	1126	33969
6	1126	39350
6	1126	40292
6	1126	45082
6	1126	59740
6	1126	67921
6	1126	71789
6	1126	82977
6	1126	83626
6	1126	86785
6	1126	98225
6	11267	23244
6	11267	36228
6	11267	53481
6	11267	63254
6	11267	64909
6	11267	76423
6	11267	81253
6	11267	94350
6	11270	24617
6	11270	37989
6	11270	41870
6	11270	42423
6	11270	5129
6	11270	52246
6	11270	53276
6	11270	58866
6	11270	96066
6	11281	11799
6	11281	16696
6	11281	18249
6	11281	28658
6	11281	68165
6	11281	7524
6	11281	78778
6	11281	8738
6	11281	88247
6	11281	9537
6	11281	96489
6	11281	99290
6	11286	14134
6	11286	26385
6	11286	35276
6	11286	35801
6	11286	43112
6	11286	45969
6	11286	47463
6	11286	50374
6	11286	50866
6	11286	56820
6	11286	60215
6	11286	65123
6	11286	67099
6	11286	79684
6	11286	82590
6	11286	83108
6	11286	85271
6	11287	21670
6	11287	26641
6	11287	2800
6	11287	37253
6	11287	40448
6	11287	47649
6	11287	49720
6	11287	61124
6	11287	63045
6	11287	73034
6	11287	74712
6	11287	76424
6	11287	79469
6	11287	85985
6	11298	13559
6	11298	18758
6	11298	3552
6	11298	3940
6	11298	83516
6	11298	85074
6	1131	10071
6	1131	12707
6	1131	44793
6	1131	61543
6	1131	69207
6	1131	77664
6	11317	17655
6	11317	24500
6	11317	27503
6	11317	47809
6	11317	54546
6	11317	55272
6	11317	5687
6	11317	68126
6	11317	68467
6	11317	77018
6	11317	80867
6	11317	9117
6	11318	10884
6	11318	16304
6	11318	200
6	11318	23644
6	11318	40320
6	11318	45568
6	11318	66557
6	11318	83444
6	11318	8867
6	11323	13873
6	11323	15749
6	11323	20291
6	11323	24019
6	11323	32262
6	11323	36921
6	11323	80283
6	11323	9259
6	11323	93323
6	11330	23780
6	11330	25269
6	11330	28701
6	11330	28805
6	11330	35892
6	11330	40374
6	11330	43616
6	11330	67003
6	11330	69300
6	11330	71242
6	11330	74510
6	11330	84183
6	11330	84763
6	11330	86924
6	1135	20711
6	1135	24019
6	1135	25235
6	1135	29105
6	1135	34529
6	1135	40159
6	1135	41359
6	1135	53654
6	1135	53670
6	1135	56265
6	1135	75649
6	1135	75985
6	1135	8336
6	1135	85196
6	11353	14246
6	11353	15941
6	11353	25735
6	11353	34933
6	11353	36027
6	11353	42739
6	11353	49040
6	11353	53066
6	11353	65049
6	11353	67970
6	11353	99227
6	11353	99883
6	11358	11507
6	11358	15776
6	11358	20589
6	11358	29899
6	11358	32248
6	11358	37574
6	11358	43716
6	11358	81903
6	11358	89047
6	11358	94185
6	11374	17837
6	11374	22745
6	11374	26607
6	11374	31637
6	11374	32829
6	11374	42714
6	11374	5892
6	11374	62561
6	11374	64513
6	11374	89610
6	11383	10374
6	11383	1852
6	11383	22852
6	11383	30331
6	11383	34061
6	11383	38464
6	11383	39795
6	11383	44001
6	11383	52203
6	11383	67107
6	11383	99416
6	11452	17593
6	11452	46454
6	11452	48168
6	11452	75861
6	11452	80164
6	11452	81447
6	11452	83281
6	11459	13266
6	11459	38753
6	11459	42021
6	11459	43549
6	11459	44096
6	11459	70601
6	11459	71934
6	11459	73401
6	11459	85989
6	11468	18986
6	11468	27386
6	11468	3795
6	11468	49096
6	11468	50289
6	11468	65933
6	11468	70809
6	11468	73573
6	11468	80508
6	1149	1012
6	1149	42831
6	1149	49389
6	1149	89081
6	1149	97718
6	11495	15454
6	11495	21003
6	11495	26368
6	11495	27617
6	11495	29989
6	11495	3077
6	11495	38854
6	11495	4686
6	11495	6566
6	11495	89307
6	11497	27241
6	11497	31637
6	11497	39507
6	11497	70586
6	11497	706
6	11502	15702
6	11502	24617
6	11502	41899
6	11502	57695
6	11502	64247
6	11502	782
6	11502	78437
6	11502	80619
6	11502	91127
6	11502	95034
6	11507	25860
6	11507	39807
6	11507	54072
6	11507	5528
6	11507	80588
6	11507	89584
6	1156	17611
6	1156	18445
6	1156	20668
6	1156	33391
6	1156	36246
6	1156	43015
6	1156	44593
6	1156	63390
6	1156	6630
6	1156	80814
6	1156	88418
6	1156	98779
6	11580	13089
6	11580	13623
6	11580	17772
6	11580	2396
6	11580	29267
6	11580	65675
6	11580	67145
6	11580	76961
6	11580	84007
6	11580	84056
6	11580	86101
6	11580	9838
6	11580	99925
6	11587	11497
6	11587	22406
6	11587	46987
6	11587	50696
6	11587	65491
6	11587	83428
6	11587	8604
6	11587	89341
6	11587	96569
6	11640	12407
6	11640	18066
6	11640	22001
6	11640	2991
6	11640	30909
6	11640	3976
6	11640	44396
6	11640	4507
6	11640	59228
6	11640	63634
6	11640	6731
6	11640	73996
6	11640	89719
6	11640	9146
6	11640	92851
6	11640	94601
6	11640	9537
6	11646	12955
6	11646	1925
6	11646	24322
6	11646	38351
6	11646	55046
6	11646	69088
6	11646	98272
6	11686	1546
6	11686	25227
6	11686	36800
6	11686	48998
6	11686	63231
6	11686	73377
6	11686	83246
6	11708	14003
6	11708	16863
6	11708	16958
6	11708	21022
6	11708	21190
6	11708	25235
6	11708	26114
6	11708	36128
6	11708	56619
6	11708	59234
6	11708	69085
6	11708	78447
6	11708	83471
6	11708	89810
6	11716	24828
6	11716	25568
6	11716	6364
6	11716	71097
6	11716	83109
6	11721	1434
6	11721	3378
6	11721	42786
6	11721	45219
6	11721	6655
6	11721	94069
6	11725	10278
6	11725	33796
6	11725	39565
6	11725	53241
6	11725	68300
6	11725	68795
6	11725	70515
6	11725	9291
6	11725	95814
6	11725	98868
6	11733	16843
6	11733	17775
6	11733	31375
6	11733	46593
6	11733	82077
6	11733	89094
6	11733	94607
6	11733	99591
6	11736	15301
6	11736	19098
6	11736	20411
6	11736	21013
6	11736	45665
6	11736	48510
6	11736	50703
6	11736	85461
6	11736	96448
6	11758	13662
6	11758	15370
6	11758	21912
6	11758	30225
6	11758	32050
6	11758	58137
6	11758	73237
6	11758	92553
6	11758	96495
6	11799	16491
6	11799	3099
6	11799	40235
6	11799	47362
6	11799	47977
6	11799	57840
6	11799	65833
6	11799	77964
6	11799	79063
6	11799	88239
6	11812	13767
6	11812	14185
6	11812	24076
6	11812	45695
6	11812	54142
6	11812	58275
6	11812	63009
6	11812	69371
6	11812	72388
6	11812	75171
6	11812	80773
6	11812	89247
6	11812	90013
6	11812	90252
6	11812	99223
6	11822	16395
6	11822	17421
6	11822	20029
6	11822	27505
6	11822	44631
6	11822	62764
6	11822	67566
6	11822	69503
6	11822	71211
6	11822	72225
6	11822	75143
6	11822	75896
6	11822	8461
6	11822	86784
6	11822	91835
6	11850	22480
6	11850	23804
6	11850	44743
6	11850	4991
6	11850	61099
6	11850	63152
6	11850	75451
6	11850	99072
6	11869	11961
6	11869	12614
6	11869	22695
6	11869	25209
6	11869	28929
6	11869	45085
6	11869	81995
6	11869	83108
6	11869	9869
6	11889	27423
6	11889	29717
6	11889	30054
6	11889	50553
6	11889	52417
6	11889	56134
6	11889	72716
6	11889	87242
6	11889	88554
6	11889	89203
6	11889	94114
6	11902	32899
6	11902	34785
6	11902	48074
6	11902	57703
6	11902	82553
6	11902	84216
6	11902	87114
6	11902	9408
6	11933	18461
6	11933	30565
6	11933	36145
6	11933	43683
6	11933	48420
6	11933	50385
6	11933	50418
6	11933	54570
6	11933	70397
6	11933	73267
6	11933	80192
6	1195	15447
6	1195	15790
6	1195	30548
6	1195	34630
6	1195	54642
6	1195	66786
6	1195	7606
6	1195	79970
6	1195	9490
6	11957	23512
6	11957	54845
6	11957	80591
6	11957	83882
6	11957	84772
6	11961	1414
6	11961	22472
6	11961	25316
6	11961	32631
6	11961	44929
6	11961	59710
6	11961	64669
6	11961	76585
6	11961	885
6	12006	15171
6	12006	42150
6	12006	44138
6	12006	44361
6	12006	54297
6	12006	64397
6	12006	6611
6	12006	66926
6	12006	68050
6	12006	81805
6	12006	85435
6	12006	86611
6	12006	90729
6	12017	12879
6	12017	23211
6	12017	3291
6	12017	49303
6	12017	73208
6	12017	8436
6	12023	15191
6	12023	22415
6	12023	26721
6	12023	67075
6	12023	77860
6	12023	99020
6	12042	23930
6	12042	44892
6	12042	52884
6	12042	67820
6	12042	73830
6	12042	74815
6	12048	11082
6	12048	21197
6	12048	22415
6	12048	24825
6	12048	38006
6	12048	39549
6	12048	74497
6	12048	84573
6	12048	88499
6	12053	15325
6	12053	17121
6	12053	23183
6	12053	23738
6	12053	28898
6	12053	32451
6	12053	42092
6	12053	48916
6	12053	5521
6	12053	64659
6	12053	67767
6	12053	73980
6	12053	90144
6	12053	98280
6	12059	10808
6	12059	24451
6	12059	32593
6	12059	34702
6	12059	36269
6	12059	37041
6	12059	49624
6	12059	67127
6	12059	69575
6	12059	89303
6	12059	9334
6	12059	98746
6	12083	28950
6	12083	31681
6	12083	49132
6	12083	51216
6	12083	54194
6	12083	68809
6	12083	90258
6	12083	97229
6	12084	18736
6	12084	27442
6	12084	42318
6	12084	53040
6	12084	59978
6	12084	8090
6	12084	85798
6	12084	8607
6	12084	86380
6	12084	87386
6	12084	97820
6	12086	28090
6	12086	29925
6	12086	38713
6	12086	45912
6	12086	55411
6	12086	71371
6	12086	77305
6	12086	9468
6	12086	96855
6	12097	15039
6	12097	29236
6	12097	443
6	12097	50413
6	12097	5708
6	12097	7231
6	12097	80737
6	12097	81944
6	12097	93974
6	12113	17755
6	12113	27674
6	12113	38081
6	12113	55555
6	12113	58206
6	12113	73544
6	12113	92179
6	12113	93846
6	12119	10130
6	12119	15089
6	12119	22368
6	12119	24742
6	12119	37066
6	12119	41256
6	12119	51274
6	12119	58827
6	12119	60294
6	12119	64299
6	12119	6877
6	12119	78061
6	12119	79294
6	12122	13010
6	12122	21047
6	12122	3491
6	12122	6058
6	12122	66489
6	12122	75510
6	12122	82694
6	12122	92389
6	12125	23982
6	12125	36353
6	12125	55693
6	12125	65549
6	12125	78057
6	12125	92156
6	12125	92880
6	12161	104
6	12161	22080
6	12161	28099
6	12161	33379
6	12161	41840
6	12161	45194
6	12161	61742
6	12161	63889
6	12161	67405
6	12161	70195
6	12161	77211
6	12170	11902
6	12170	16066
6	12170	41192
6	12170	42007
6	12170	4245
6	12170	61171
6	12170	9005
6	12170	98380
6	12172	41728
6	12172	47413
6	12172	60321
6	12172	65617
6	12172	75198
6	12172	84759
6	12172	89017
6	12193	14137
6	12193	23575
6	12193	61812
6	12193	73713
6	12193	82308
6	12196	34559
6	12196	39929
6	12196	45689
6	12196	72633
6	12196	79357
6	12206	11298
6	12206	24816
6	12206	33056
6	12206	54613
6	12206	55085
6	12206	90757
6	12206	94483
6	12216	11090
6	12216	1948
6	12216	36516
6	12216	44375
6	12216	53582
6	12216	54941
6	12216	58766
6	12216	6288
6	12216	71559
6	12216	74808
6	12219	15499
6	12219	26086
6	12219	31637
6	12219	48625
6	12219	49383
6	12219	54674
6	12219	62404
6	12219	64654
6	12219	64758
6	12219	67014
6	12219	82762
6	12219	83537
6	1223	22399
6	1223	64442
6	1223	64612
6	1223	66084
6	1223	70722
6	1223	73418
6	12234	1907
6	12234	3976
6	12234	43954
6	12234	51809
6	12234	67463
6	12234	74375
6	12234	75672
6	12234	88054
6	12250	16666
6	12250	23609
6	12250	45932
6	12250	62385
6	12250	66181
6	12250	67534
6	12251	24042
6	12251	36649
6	12251	49228
6	12251	50959
6	12251	54062
6	12251	72400
6	12251	75036
6	12251	75574
6	12251	87825
6	12251	94557
6	12259	44189
6	12259	51229
6	12259	63748
6	12259	70919
6	12259	83084
6	12259	86338
6	12272	2279
6	12272	34096
6	12272	5228
6	12272	54145
6	12272	60932
6	12272	66377
6	12272	67566
6	12272	69559
6	12272	78999
6	12272	97329
6	12325	54712
6	12325	61527
6	12325	6740
6	12325	75032
6	12325	76056
6	12348	12826
6	12348	21134
6	12348	22569
6	12348	24739
6	12348	2877
6	12348	64286
6	12348	68498
6	12348	84862
6	12348	89451
6	12348	90297
6	12348	91291
6	12369	34709
6	12369	45219
6	12369	58636
6	12369	67588
6	12375	13008
6	12375	2501
6	12375	25047
6	12375	56180
6	12375	59307
6	12375	69082
6	12375	82694
6	12375	84704
6	12375	8571
6	12375	87920
6	12376	30351
6	12376	3048
6	12376	43290
6	12376	44506
6	12376	46671
6	12376	54518
6	12376	58604
6	12376	63119
6	12376	74124
6	12376	77059
6	12390	12250
6	12390	21238
6	12390	21893
6	12390	23297
6	12390	26535
6	12390	39447
6	12390	61256
6	12390	61933
6	12390	68031
6	12390	94323
6	12390	95830
6	12398	14881
6	12398	30779
6	12398	35841
6	12398	40948
6	12398	58166
6	12398	62965
6	12398	65699
6	12398	69577
6	12398	69764
6	12398	75454
6	12398	76862
6	12398	78893
6	12398	89020
6	12407	1465
6	12407	30610
6	12407	33335
6	12407	36636
6	12407	9781
6	12417	18828
6	12417	19444
6	12417	31174
6	12417	38165
6	12417	87095
6	12417	89610
6	12417	90091
6	12422	15695
6	12422	37714
6	12422	6947
6	12457	22918
6	12457	28591
6	12457	30790
6	12457	70518
6	12457	73713
6	12464	21015
6	12464	22262
6	12464	23323
6	12464	32247
6	12464	37900
6	12464	62191
6	12464	78092
6	12464	78379
6	12489	14387
6	12489	17329
6	12489	24604
6	12489	26761
6	12489	45491
6	12489	63246
6	12489	68372
6	12489	69935
6	12491	28193
6	12491	38802
6	12491	45096
6	12491	50538
6	12491	65327
6	12491	74358
6	12491	96387
6	12505	11267
6	12505	24409
6	12505	27905
6	12505	65018
6	12505	96458
6	12513	16863
6	12513	20117
6	12513	21659
6	12513	37172
6	12513	42029
6	12513	94019
6	12523	29520
6	12523	32476
6	12523	38768
6	12523	97455
6	12546	1503
6	12546	44995
6	12546	45085
6	12546	68149
6	12546	76831
6	12546	83413
6	12562	12640
6	12562	28866
6	12562	33160
6	12562	34005
6	12562	39992
6	1257	21004
6	1257	21047
6	1257	29851
6	1257	38520
6	1257	40614
6	1257	41251
6	1257	43213
6	12586	1081
6	12586	17326
6	12586	30356
6	12586	53229
6	12586	74220
6	12586	88113
6	12588	24124
6	12588	41343
6	12588	53093
6	12588	5979
6	12588	67426
6	12588	68329
6	12588	71130
6	12588	96
6	12597	14529
6	12597	21261
6	12597	23225
6	12597	27904
6	12597	45637
6	12597	49330
6	12597	50625
6	12597	64886
6	12597	66159
6	12597	70886
6	12597	76017
6	12611	16563
6	12611	18733
6	12611	2063
6	12611	25431
6	12611	28397
6	12611	52764
6	12611	72465
6	12611	93673
6	12614	14659
6	12614	18826
6	12614	30721
6	12614	34819
6	12614	40835
6	12614	42875
6	12614	44883
6	12614	48596
6	12614	53117
6	12614	58811
6	12614	59078
6	12614	61530
6	12614	90204
6	12619	18461
6	12619	25646
6	12619	33325
6	12619	47884
6	12619	52092
6	12619	59476
6	12619	76036
6	12638	19002
6	12638	69356
6	12638	84131
6	12638	94498
6	12640	42985
6	12640	62375
6	12640	68867
6	12640	72112
6	12644	17884
6	12644	20926
6	12644	25632
6	12644	38618
6	12644	51249
6	12644	53650
6	12644	6377
6	12644	73424
6	12648	61446
6	12648	82080
6	1267	1723
6	1267	30529
6	1267	48517
6	1267	58123
6	1267	73178
6	1267	81669
6	1267	81711
6	1267	87969
6	1267	91864
6	1267	92321
6	1267	9465
6	12671	21744
6	12671	55682
6	12671	60448
6	12671	61047
6	12671	61124
6	12671	61867
6	12671	67762
6	12671	884
6	12687	18651
6	12687	30900
6	12687	44929
6	12687	58228
6	12688	12671
6	12688	2960
6	12688	36006
6	12688	43075
6	12688	50618
6	12688	66630
6	12707	15157
6	12707	18339
6	12707	25935
6	12707	33416
6	12707	52359
6	12707	73228
6	12707	83573
6	12707	96144
6	12707	99707
6	12737	3976
6	12737	456
6	12737	47315
6	12737	99838
6	12760	1009
6	12760	15280
6	12760	2163
6	12760	28874
6	12760	39777
6	12760	47914
6	12760	5683
6	12760	58232
6	12760	60354
6	12760	76378
6	12769	53173
6	12769	60318
6	12769	62602
6	12769	75169
6	12769	8434
6	12785	43213
6	12785	5213
6	12785	57399
6	12785	64202
6	12785	93998
6	128	16920
6	128	22638
6	128	45541
6	128	70868
6	128	73300
6	128	73442
6	12806	13105
6	12806	19932
6	12806	55368
6	12806	68363
6	12806	78309
6	12806	87782
6	12817	17669
6	12817	20079
6	12817	29989
6	12817	45785
6	12817	4753
6	12817	48186
6	12817	58548
6	12817	68153
6	12817	8639
6	12819	1223
6	12819	31894
6	12819	33472
6	12819	37714
6	12819	49713
6	12819	51727
6	12819	55638
6	12819	93672
6	12824	33408
6	12824	57864
6	12824	68936
6	12826	23922
6	12826	33948
6	12826	37054
6	12826	50242
6	12826	58029
6	12826	58087
6	12843	25615
6	12843	30823
6	12843	3291
6	12843	71330
6	12843	83515
6	12843	94151
6	12856	48105
6	12856	59181
6	12856	74147
6	12856	83724
6	12856	85024
6	12856	86524
6	12856	95594
6	12856	97839
6	12869	27259
6	12869	57709
6	12869	75672
6	12869	90645
6	12869	92356
6	12869	97901
6	12872	27989
6	12872	43803
6	12872	47272
6	12872	78047
6	12872	97
6	12879	49156
6	12879	68752
6	12879	88333
6	12879	9441
6	12904	11374
6	12904	36733
6	12904	4636
6	12904	47430
6	12904	82889
6	12904	85313
6	12904	99551
6	12932	16666
6	12932	26314
6	12932	62222
6	12932	62562
6	12932	69604
6	12932	7042
6	12932	76935
6	12932	90445
6	12932	93184
6	12933	15279
6	12933	1907
6	12933	34487
6	12933	46878
6	12933	57900
6	12933	60681
6	12933	62441
6	12933	65103
6	12933	89257
6	12955	22083
6	12955	23693
6	12955	43151
6	12955	45431
6	12955	5544
6	12955	60943
6	12955	68412
6	12955	79558
6	12955	90778
6	12955	9650
6	12972	16802
6	12972	19098
6	12972	32135
6	12972	43038
6	12972	49027
6	12972	83089
6	12972	88756
6	12972	91016
6	12972	9199
6	12974	12407
6	12974	25750
6	12974	27008
6	12974	31581
6	12974	37126
6	12974	5179
6	12974	67302
6	12974	68410
6	12974	89702
6	12974	95914
6	13008	13027
6	13008	19410
6	13008	22580
6	13008	40831
6	13008	5364
6	13008	60747
6	13008	7421
6	13008	80611
6	13008	87779
6	13008	98769
6	13010	20442
6	13010	55351
6	13010	86255
6	13010	88799
6	13027	21806
6	13027	3719
6	13027	71390
6	13027	81323
6	13027	84201
6	13027	92367
6	13062	37270
6	13062	5117
6	13062	52784
6	13062	74660
6	13075	16661
6	13075	34761
6	13075	5088
6	13075	55148
6	13075	7389
6	13084	35403
6	13084	36672
6	13084	676
6	13084	72409
6	13084	75565
6	13084	83106
6	13084	90920
6	13084	93361
6	13084	93817
6	13084	94756
6	13084	98435
6	13089	2856
6	13089	32678
6	13089	39027
6	13089	45349
6	13089	57236
6	13089	68985
6	13089	71471
6	13105	13937
6	13105	25768
6	13105	35029
6	13105	60842
6	13105	93737
6	13115	13683
6	13115	3399
6	13115	37801
6	13115	51440
6	13115	5571
6	13115	5911
6	13115	61109
6	13115	89704
6	13115	9082
6	13115	94891
6	13117	10558
6	13117	5226
6	13117	69053
6	13117	95147
6	13123	37293
6	13123	43615
6	13123	5373
6	13123	71770
6	13123	95207
6	13159	20384
6	13159	26191
6	13159	40039
6	13159	47003
6	13159	52225
6	13159	6
6	13159	60222
6	13159	79001
6	13159	98330
6	13172	25950
6	13172	30662
6	13172	44148
6	13172	58546
6	13172	96894
6	13185	13364
6	13185	23548
6	13185	33100
6	13185	397
6	13185	57505
6	13185	69847
6	13185	83324
6	13185	88615
6	13185	91841
6	13185	94169
6	13208	23183
6	13208	59105
6	13208	7040
6	13208	92920
6	13213	17855
6	13213	1903
6	13213	2711
6	13213	28261
6	13213	45932
6	13213	65760
6	13213	74817
6	13213	76806
6	13213	8082
6	13213	83036
6	13213	86031
6	13213	8744
6	13233	17987
6	13233	21106
6	13233	22363
6	13233	2453
6	13233	72522
6	13233	88701
6	13233	9193
6	13234	18188
6	13234	26186
6	13234	32339
6	13234	3504
6	13234	38643
6	13234	52348
6	13234	56183
6	13234	60096
6	13234	61393
6	13234	63685
6	13234	64848
6	13234	79033
6	13234	83846
6	13234	85341
6	13234	8553
6	13234	91215
6	13234	93677
6	13235	12644
6	13235	24725
6	13235	33150
6	13235	52852
6	13235	84587
6	13243	14206
6	13243	26524
6	13243	28159
6	13243	41525
6	13243	44262
6	13243	45219
6	13243	61106
6	13243	71623
6	13243	96133
6	13266	37818
6	13266	43360
6	13266	62234
6	13342	20616
6	13342	3192
6	13342	46454
6	13342	52881
6	13342	62911
6	13342	72837
6	13342	86680
6	13342	97939
6	13364	19047
6	13364	26596
6	13364	35608
6	13364	54730
6	13364	94459
6	13364	9909
6	13380	15035
6	13380	15039
6	13380	16208
6	13380	27795
6	13380	32638
6	13380	33175
6	13380	39878
6	13380	44766
6	13380	70155
6	13380	93777
6	13380	97179
6	13381	1699
6	13381	17287
6	13381	19790
6	13381	24784
6	13381	34523
6	13381	44929
6	13381	59616
6	13381	89784
6	13381	99872
6	13385	23307
6	13385	26313
6	13385	26421
6	13385	59049
6	13385	81687
6	13385	88271
6	13385	95736
6	13385	97918
6	13390	12053
6	13390	25584
6	13390	39464
6	13390	52574
6	13390	66941
6	13390	86932
6	13402	22048
6	13402	23927
6	13402	36121
6	13402	42043
6	13402	87938
6	13402	91980
6	13414	23623
6	13414	37172
6	13414	43070
6	13414	43525
6	13414	74898
6	13435	14109
6	13435	28209
6	13435	45620
6	13435	77278
6	13453	12505
6	13453	15644
6	13453	27154
6	13453	41332
6	13453	50257
6	13453	76008
6	13453	78724
6	13453	79607
6	13453	84907
6	13461	10975
6	13461	38693
6	13461	4655
6	13461	49763
6	13461	53693
6	13461	6113
6	13461	62555
6	13461	77110
6	13461	90539
6	13461	97358
6	13461	98969
6	13503	37889
6	13503	57725
6	13503	59822
6	13503	77644
6	13503	78011
6	13503	78494
6	13503	81915
6	13503	98246
6	1353	16679
6	1353	31947
6	1353	32872
6	1353	40292
6	1353	42654
6	1353	49052
6	1353	6428
6	13532	19840
6	13532	31111
6	13532	32170
6	13532	42007
6	13532	7711
6	13532	79687
6	13543	12125
6	13543	18006
6	13543	20095
6	13543	23063
6	13543	43866
6	13543	46717
6	13543	54189
6	13543	59604
6	13543	62038
6	13543	65699
6	13543	66431
6	13543	77496
6	13543	80288
6	13553	10631
6	13553	37610
6	13553	52767
6	13553	6476
6	13553	70482
6	13553	72607
6	13553	90709
6	13559	68768
6	13559	91269
6	13587	15247
6	13587	18922
6	13587	24124
6	13587	34760
6	13587	38950
6	13587	40820
6	13587	49441
6	13587	52884
6	13587	5853
6	13587	66678
6	13587	66818
6	13587	97003
6	13591	50818
6	13591	76635
6	13591	92239
6	13591	97019
6	13598	52826
6	13598	67975
6	13598	90085
6	13616	21926
6	13616	32531
6	13616	39242
6	13616	48873
6	13616	84065
6	13623	60967
6	13623	94073
6	13623	97452
6	13662	18287
6	13662	61882
6	13662	77605
6	13662	80190
6	13662	81947
6	13662	84984
6	13662	92010
6	13662	94383
6	13672	13682
6	13672	1485
6	13672	25503
6	13672	32682
6	13672	58681
6	13672	65583
6	13672	96559
6	13672	98281
6	13682	28565
6	13682	48747
6	13682	50520
6	13682	52714
6	13682	55312
6	13682	55525
6	13682	91343
6	13682	9223
6	13683	18682
6	13683	36278
6	13683	71638
6	13683	76478
6	13683	79197
6	13683	86936
6	13683	90387
6	13707	1933
6	13707	19802
6	13707	36386
6	13707	42972
6	13707	61923
6	13707	75956
6	13707	80473
6	13725	13767
6	13725	23454
6	13725	27757
6	13725	29280
6	13725	38891
6	13725	44482
6	13725	5980
6	13725	95685
6	13725	98304
6	13727	16304
6	13727	21340
6	13727	27354
6	13727	40984
6	13727	51302
6	13727	67098
6	13727	71864
6	13727	75057
6	13727	77666
6	13727	97101
6	1373	13062
6	1373	42208
6	1373	43500
6	1373	52339
6	1373	57222
6	1373	80523
6	13738	15456
6	13738	27442
6	13738	34556
6	13738	49730
6	13738	62346
6	13738	71879
6	13738	81284
6	13738	89125
6	13738	9549
6	13751	15456
6	13751	28952
6	13751	34070
6	13751	35664
6	13751	43911
6	13751	63619
6	13751	66280
6	13751	70559
6	13751	71551
6	13751	85930
6	13767	34570
6	13767	43725
6	13767	7253
6	13812	1083
6	13812	42274
6	13812	48122
6	13843	42571
6	13843	45384
6	13843	4989
6	13843	68304
6	13843	69290
6	13843	82835
6	13843	86861
6	13846	19510
6	13846	55141
6	13846	61002
6	13846	65468
6	13846	6941
6	13846	77356
6	13846	97934
6	13856	47830
6	13856	52848
6	13856	66359
6	13856	72129
6	13856	87385
6	13859	41818
6	13859	4572
6	13859	50721
6	13859	63465
6	13859	74009
6	13859	98570
6	13873	15327
6	13873	28629
6	13873	46460
6	13873	48379
6	13873	59773
6	13873	64950
6	13873	68540
6	13873	71990
6	13873	96962
6	13898	2396
6	13898	35692
6	13898	41213
6	13898	57241
6	13898	60661
6	13898	6825
6	13898	77648
6	13898	79489
6	13898	87391
6	13898	96592
6	139	22754
6	139	22918
6	139	2676
6	139	29392
6	139	35249
6	139	35897
6	139	53720
6	139	88651
6	13907	16280
6	13907	19662
6	13907	38052
6	13907	6768
6	13907	91063
6	13907	98886
6	1392	16147
6	1392	16975
6	1392	31169
6	1392	31495
6	1392	37958
6	1392	41214
6	1392	64294
6	1392	71466
6	1392	78193
6	1392	79964
6	1392	81277
6	1392	91758
6	13929	2260
6	13929	24724
6	13929	59168
6	13929	61332
6	13929	62584
6	13929	80759
6	13935	12193
6	13935	28111
6	13935	31242
6	13935	40513
6	13935	4680
6	13935	63383
6	13935	78826
6	13935	9312
6	13937	88079
6	13944	10130
6	13944	18342
6	13944	2324
6	13944	44647
6	13944	71051
6	13944	83719
6	13947	18289
6	13947	33420
6	13947	84680
6	13972	1465
6	13972	18311
6	13972	23401
6	13972	27846
6	13972	35277
6	13972	43416
6	13972	55006
6	13972	55382
6	13972	71604
6	13972	88165
6	13994	12059
6	13994	183
6	13994	31720
6	13994	55811
6	13994	68181
6	13994	73728
6	13994	8636
6	13994	96519
6	13994	9674
6	14003	22081
6	14003	22941
6	14003	38823
6	14003	48394
6	14003	58971
6	14003	66632
6	14003	97359
6	14015	1465
6	14015	22209
6	14015	24207
6	14015	36823
6	14015	57226
6	14015	6540
6	14015	72521
6	14015	74637
6	14015	81951
6	14015	85362
6	14032	18758
6	14032	24681
6	14032	50811
6	14032	68426
6	14032	87070
6	14032	98072
6	14054	12325
6	14054	20759
6	14054	28613
6	14054	46881
6	14054	54257
6	14054	54878
6	14054	67483
6	14054	84082
6	14054	88257
6	14077	12375
6	14077	19081
6	14077	29694
6	14077	47862
6	14077	52631
6	14077	64421
6	14077	69050
6	14077	73196
6	14077	98096
6	14091	16802
6	14091	23906
6	14091	24199
6	14091	35155
6	14091	36054
6	14091	46438
6	14091	60622
6	14091	73098
6	14092	35795
6	14092	44963
6	14092	45537
6	14092	5830
6	14092	79200
6	14092	95090
6	141	11822
6	141	54137
6	141	7221
6	141	92493
6	14109	15097
6	14110	26104
6	14110	26726
6	14110	62506
6	14110	72664
6	14110	82726
6	14110	99155
6	14129	1478
6	14129	83179
6	14129	95090
6	14134	17127
6	14134	27502
6	14134	30605
6	14134	3375
6	14134	45874
6	14134	56666
6	14134	57452
6	14134	7285
6	14134	7682
6	14137	18137
6	14137	29084
6	14137	41132
6	14137	41609
6	14137	43396
6	14137	61631
6	14137	83709
6	14137	99438
6	1414	14964
6	1414	47270
6	1414	70026
6	1414	89656
6	1414	92279
6	1414	94541
6	1414	96944
6	14140	16698
6	14140	32656
6	14140	36611
6	14140	36660
6	14140	40614
6	14140	46608
6	14140	74811
6	14140	91041
6	14159	23927
6	14159	28808
6	14159	49911
6	14159	50335
6	14159	6966
6	14159	73368
6	14159	75999
6	14185	2895
6	14185	30656
6	14185	40233
6	14185	671
6	14185	68484
6	14185	75604
6	14185	76421
6	1419	15452
6	1419	18331
6	1419	39894
6	1419	48125
6	1419	60031
6	1419	80190
6	1419	83352
6	14206	40828
6	1421	45516
6	1421	45541
6	1421	57882
6	1421	61196
6	1421	94165
6	14211	21858
6	14211	29283
6	14211	34281
6	14211	65294
6	14211	70783
6	14211	742
6	14211	95956
6	14215	14571
6	14215	23781
6	14215	34559
6	14215	46586
6	14215	5710
6	14215	70212
6	14215	9408
6	14231	12084
6	14231	23716
6	14231	61521
6	14231	62344
6	14231	63656
6	14238	54757
6	14238	82798
6	14246	15444
6	14246	62850
6	14246	84503
6	14247	15370
6	14247	420
6	14247	61070
6	14247	65181
6	14247	7542
6	14247	79936
6	14287	32986
6	14287	38051
6	14287	40594
6	14287	52996
6	14287	69481
6	14287	77635
6	14287	90379
6	14287	93718
6	14290	13935
6	14290	3190
6	14290	42683
6	14290	66592
6	14290	83684
6	14290	85983
6	14290	93198
6	14318	16066
6	14318	24046
6	14318	31081
6	14318	32166
6	14318	71406
6	14318	91113
6	14318	94491
6	1434	30358
6	1434	36178
6	1434	4319
6	1434	52264
6	1434	57798
6	1434	64182
6	1434	85702
6	1434	8901
6	1434	89777
6	14382	44412
6	14382	8957
6	14387	2169
6	14387	22021
6	14387	23669
6	14387	40663
6	14387	45814
6	14387	49482
6	14387	53187
6	14387	87193
6	14422	14290
6	14422	19817
6	14422	24926
6	14422	30218
6	14422	43923
6	14422	45765
6	14422	50925
6	14422	78041
6	14426	24604
6	14426	42067
6	14426	72835
6	14426	87729
6	14427	11822
6	14427	27793
6	14427	4713
6	14427	55281
6	14427	61116
6	14427	75922
6	14427	81954
6	14446	141
6	14446	35804
6	14446	62477
6	14446	89155
6	14461	12172
6	14461	74895
6	14461	75216
6	14461	96384
6	14502	11270
6	14502	18622
6	14502	20135
6	14502	23925
6	14502	31356
6	14502	7973
6	14529	19498
6	14529	23755
6	14529	58769
6	14529	66302
6	14529	68501
6	14529	69097
6	14529	75551
6	14529	78800
6	14529	98627
6	14529	99963
6	14563	10696
6	14563	25338
6	14563	58028
6	14563	829
6	14563	83107
6	14563	93310
6	14571	28430
6	14571	47960
6	14571	55702
6	14571	59424
6	14571	61842
6	14571	7247
6	14571	7600
6	14571	78345
6	14571	97175
6	14604	27419
6	14604	43208
6	14604	69837
6	14604	98904
6	14642	13027
6	14642	14847
6	14642	2155
6	14642	40633
6	14642	59
6	14642	78259
6	14642	78726
6	14642	90917
6	14644	111
6	14644	27556
6	14644	46974
6	14644	48283
6	14644	57832
6	14644	70533
6	14647	16315
6	14647	24042
6	14647	585
6	14647	72448
6	1465	28100
6	1465	37193
6	1465	58423
6	1465	90771
6	14659	32714
6	14659	46554
6	14659	51688
6	14659	54434
6	14659	94675
6	14670	19555
6	14670	23988
6	14670	31368
6	14670	38464
6	14670	50078
6	14670	69329
6	14670	86725
6	14670	90892
6	14670	95167
6	1469	13266
6	1469	29496
6	1469	34046
6	1469	43139
6	1469	55357
6	1469	57308
6	1469	62972
6	1469	78159
6	1469	83408
6	14697	1353
6	14697	21868
6	14697	74905
6	14698	34529
6	14698	90074
6	147	17460
6	147	21232
6	147	32877
6	147	40820
6	147	47605
6	147	60844
6	147	62293
6	147	65189
6	147	83561
6	14703	22434
6	14703	80695
6	14703	86491
6	14703	8728
6	14703	89699
6	14703	92283
6	14707	3581
6	14707	49296
6	14707	60532
6	14707	66111
6	14707	95898
6	14709	24212
6	14709	26524
6	14709	26831
6	14709	30107
6	14709	43952
6	14709	44147
6	14709	4626
6	14709	58335
6	14709	59294
6	14709	59612
6	14709	96513
6	1471	20864
6	1471	30824
6	1471	50851
6	1471	53214
6	1471	74202
6	1471	88715
6	1471	98524
6	14728	11580
6	14728	30881
6	14728	4771
6	14728	71084
6	14728	80637
6	1473	1907
6	1473	32427
6	1473	72896
6	1473	75986
6	14738	21080
6	14738	37500
6	14738	39067
6	14738	44829
6	14738	44894
6	14738	84923
6	14749	34248
6	14749	3452
6	14749	34677
6	14749	46703
6	14749	47458
6	14749	49656
6	14749	78214
6	14749	82825
6	14749	86425
6	14749	90895
6	14766	24115
6	14766	28924
6	14766	2991
6	14766	34786
6	14766	39560
6	14766	4176
6	14766	55850
6	14766	69322
6	14766	75959
6	14771	10466
6	14771	18976
6	14771	19514
6	14771	29707
6	14771	32042
6	14771	44537
6	14771	86852
6	14771	91534
6	14771	95069
6	1478	43762
6	1478	46995
6	1478	69102
6	1478	75694
6	1478	80707
6	1478	81206
6	1478	84860
6	14785	3154
6	14785	34853
6	14785	44412
6	14785	76730
6	14785	81075
6	14795	16341
6	14795	35565
6	14795	54434
6	14795	56253
6	14795	72667
6	14795	90629
6	14798	14703
6	14798	45203
6	14806	13751
6	14806	28869
6	14829	39090
6	14829	62262
6	14829	67326
6	14829	75940
6	14829	79886
6	14829	81486
6	14829	85099
6	14847	40067
6	14847	41179
6	14847	50371
6	14847	71571
6	14847	84034
6	14847	9339
6	14847	95316
6	1485	23250
6	1485	30643
6	1485	37099
6	1485	45016
6	1485	55333
6	1485	64215
6	1485	82767
6	1485	85762
6	1485	95000
6	14852	11086
6	14852	18219
6	14852	29789
6	14852	31633
6	14852	33371
6	14852	38099
6	14852	68586
6	14852	98760
6	14853	11646
6	14853	35997
6	14853	45204
6	14853	65840
6	14853	69615
6	14853	78399
6	14853	84145
6	14853	95600
6	14864	53716
6	14864	54189
6	14864	6968
6	14864	82349
6	14864	99628
6	14868	12972
6	14868	2364
6	14868	26671
6	14868	32797
6	14868	61228
6	14868	89109
6	14875	22368
6	14875	26559
6	14875	30463
6	14875	52238
6	14875	54910
6	14875	74408
6	14875	92859
6	14876	19808
6	14876	23988
6	14876	92709
6	14876	96814
6	14881	19518
6	14881	36725
6	14881	63340
6	14881	83075
6	14881	90175
6	149	23562
6	149	39167
6	149	56813
6	149	59318
6	149	71764
6	149	7656
6	149	81321
6	149	83245
6	149	89226
6	149	89344
6	14940	27426
6	14940	43328
6	14940	58060
6	14940	63462
6	14940	69136
6	14940	74940
6	14940	906
6	14940	93514
6	14954	22764
6	14954	25316
6	14954	59595
6	14954	71681
6	14954	7730
6	14954	82156
6	14954	86141
6	14964	68305
6	14964	78445
6	14964	9089
6	14969	14749
6	14969	1717
6	14969	59233
6	14984	12972
6	14984	17364
6	14984	24622
6	14984	30366
6	14984	36604
6	14984	64485
6	14984	74211
6	14984	78398
6	14993	11330
6	14993	20682
6	14993	34801
6	14993	45070
6	14993	56573
6	14993	59400
6	14993	74230
6	14993	77017
6	14993	98009
6	15008	45905
6	15008	53570
6	15008	9052
6	15008	97617
6	1503	58426
6	15035	28617
6	15035	39883
6	15035	6427
6	15035	68199
6	15035	76266
6	15035	85926
6	15039	28516
6	15039	42010
6	15039	5340
6	15039	9873
6	15039	98780
6	15044	12769
6	15044	38419
6	15044	70057
6	15044	95177
6	15077	10278
6	15077	23305
6	15077	3748
6	15077	95462
6	15089	29710
6	15089	40557
6	15089	46977
6	15089	4857
6	15089	59559
6	15089	65928
6	15089	93119
6	15089	94654
6	15097	16167
6	15097	23207
6	15097	26848
6	15097	43503
6	15097	48886
6	15097	5033
6	15097	58849
6	15097	74146
6	15097	90888
6	15099	4592
6	15099	52817
6	15099	62042
6	15099	68214
6	15099	72763
6	15099	73468
6	15099	7446
6	15099	82002
6	15099	8247
6	15099	82491
6	15099	84073
6	15099	94519
6	15111	200
6	15111	21254
6	15111	32109
6	15111	32347
6	15111	3308
6	15111	47139
6	15111	95234
6	15111	96656
6	15111	98443
6	15113	22188
6	15113	38247
6	15113	45590
6	15113	50122
6	15113	56310
6	15113	57019
6	15113	59665
6	15113	67479
6	15113	81975
6	15120	26153
6	15120	27241
6	15120	4278
6	15120	58048
6	15120	85896
6	15120	93480
6	15134	2415
6	15134	25990
6	15134	33686
6	15134	84584
6	15134	85793
6	15157	15282
6	15157	43775
6	15157	47966
6	15157	61684
6	15157	75184
6	15157	80239
6	15157	96164
6	15171	41807
6	15171	51583
6	15171	63824
6	15171	82904
6	15171	94382
6	15191	44369
6	15191	50420
6	15191	68686
6	15191	78692
6	15191	88895
6	15191	91393
6	15191	98361
6	15229	41549
6	15229	42567
6	15229	53009
6	15229	74162
6	15229	76531
6	15229	7951
6	15229	89615
6	15247	25513
6	15247	36739
6	15247	42165
6	15247	43742
6	15247	53289
6	15247	57874
6	15247	60283
6	15247	6354
6	15247	65290
6	15247	78296
6	15247	88567
6	15247	92952
6	15247	9717
6	15250	12817
6	15250	18533
6	15250	32988
6	15250	38098
6	15250	6574
6	15250	68679
6	15260	11076
6	15260	21657
6	15260	30141
6	15260	32506
6	15260	32710
6	15260	35477
6	15260	50300
6	15260	95916
6	15273	12707
6	15273	18467
6	15273	74937
6	15273	83985
6	15273	86
6	15273	95295
6	15279	17776
6	15279	32889
6	15279	34345
6	15279	4578
6	15279	66807
6	15279	77170
6	15280	21082
6	15280	28796
6	15280	35113
6	15280	4699
6	15280	47134
6	15280	49785
6	15280	84790
6	15280	87983
6	15280	97870
6	15282	16193
6	15282	25455
6	15282	58673
6	15282	79305
6	15282	79447
6	15282	87274
6	15301	32757
6	15301	37285
6	15301	64212
6	15301	67688
6	15301	97022
6	15325	17069
6	15325	37369
6	15325	52772
6	15325	86827
6	15325	88946
6	15327	21354
6	15327	26500
6	15327	63264
6	15327	93191
6	15342	25990
6	15342	34064
6	15342	35233
6	15342	40249
6	15342	40927
6	15342	57930
6	15342	65035
6	15369	18619
6	15369	42009
6	15369	44484
6	15369	45341
6	15369	64636
6	15369	78647
6	15369	79805
6	15370	16404
6	15370	80856
6	15370	95315
6	15373	22089
6	15373	2519
6	15373	27358
6	15373	36603
6	15373	78914
6	15373	92947
6	15396	24353
6	15396	29965
6	15396	40083
6	15396	40282
6	15428	24424
6	15428	36650
6	15428	40192
6	15428	79061
6	15428	90858
6	15444	56767
6	15444	79879
6	15447	15848
6	15447	36832
6	15447	39853
6	15447	60074
6	15447	75480
6	15447	76313
6	15447	81119
6	15452	22924
6	15452	38526
6	15452	6155
6	15452	64435
6	15452	79745
6	15454	17760
6	15454	30136
6	15454	43955
6	15454	74926
6	15454	91671
6	15454	93669
6	15456	23734
6	15456	35768
6	15456	41722
6	15456	61083
6	15456	73986
6	15456	77445
6	15456	80528
6	1546	34099
6	1546	52541
6	1546	55018
6	1546	62377
6	1546	78352
6	1546	81753
6	1546	86155
6	1546	96483
6	15474	25832
6	15474	48576
6	15474	5812
6	15474	61999
6	15487	21516
6	15487	21852
6	15487	22729
6	15487	29925
6	15487	52404
6	15487	52847
6	15487	910
6	15494	13435
6	15494	35863
6	15494	66331
6	15494	86475
6	15499	22731
6	15499	40111
6	15499	4998
6	15499	57288
6	15499	89785
6	15499	92897
6	15515	29851
6	15515	64781
6	15534	14290
6	15534	76165
6	15534	87680
6	15534	89424
6	15534	99909
6	15599	21883
6	15599	32159
6	15599	4099
6	15599	75184
6	15599	81031
6	15599	9085
6	15644	36969
6	15644	37954
6	15644	55461
6	15644	8104
6	15644	81734
6	15644	88720
6	15644	92190
6	15665	10851
6	15665	20135
6	15665	45373
6	15665	62042
6	15665	74599
6	15665	78637
6	15665	86581
6	15674	21657
6	15674	84606
6	15674	91251
6	15679	2869
6	15679	76898
6	15679	90271
6	15684	24950
6	15684	29342
6	15695	44605
6	15695	729
6	15695	76733
6	15695	91790
6	15702	19205
6	15702	3058
6	15702	36283
6	15702	63280
6	15702	77987
6	15702	89735
6	15702	93615
6	15702	97176
6	15741	1118
6	15741	17535
6	15741	17561
6	15741	1783
6	15741	28175
6	15741	40865
6	15741	69127
6	15741	99375
6	15749	17623
6	15749	18756
6	15749	22509
6	15749	58204
6	15749	75393
6	15749	81245
6	15750	12375
6	15750	16971
6	15762	25266
6	15762	25288
6	15762	25564
6	15762	333
6	15762	39599
6	15762	4112
6	15762	47124
6	15762	50802
6	15762	61078
6	15762	68338
6	15762	70025
6	15762	89804
6	15762	98897
6	15776	20400
6	15776	28673
6	15776	35658
6	15776	3746
6	15776	48771
6	15776	4920
6	15776	49580
6	15776	66853
6	15776	84688
6	15789	25745
6	15789	3399
6	15789	50948
6	15789	94526
6	15790	17821
6	15790	25179
6	15790	28606
6	15790	33784
6	15790	64817
6	15790	65310
6	15790	83092
6	15790	89085
6	15790	93955
6	15802	23494
6	15802	28522
6	15802	57603
6	15802	67135
6	15802	70659
6	15802	73243
6	15802	78889
6	15802	8928
6	15802	92263
6	15802	99502
6	15816	22924
6	15816	375
6	15816	37960
6	15816	38686
6	15816	54015
6	15816	65082
6	15816	94342
6	15816	95334
6	15819	13453
6	15819	34440
6	15819	57853
6	15819	60784
6	15819	63269
6	15819	85923
6	15819	86630
6	15848	18490
6	15848	34499
6	15848	49297
6	15848	78136
6	15848	80811
6	15848	853
6	15848	98257
6	15859	10631
6	15859	20853
6	15859	31444
6	15859	97104
6	15924	20397
6	15924	25948
6	15924	41555
6	15924	42204
6	15924	72801
6	15924	73311
6	15924	86652
6	15924	88255
6	15927	11497
6	15927	39607
6	15927	71606
6	15927	89750
6	15927	9552
6	15941	29561
6	15941	38271
6	15941	58974
6	15941	61373
6	15941	75350
6	15941	7672
6	15941	83001
6	15951	17148
6	15951	2856
6	15951	32787
6	15951	49501
6	15951	51930
6	15951	62598
6	15964	12161
6	15964	30737
6	15964	53601
6	15978	21229
6	15978	2163
6	15978	37498
6	15978	39489
6	15978	4424
6	15978	53625
6	15978	56602
6	15978	78736
6	15978	79293
6	15978	91285
6	15978	98971
6	16002	23930
6	16002	30966
6	16002	72141
6	16002	84190
6	16002	98572
6	16048	18139
6	16048	42483
6	16048	72121
6	16048	77481
6	16048	8257
6	16048	86607
6	16066	27074
6	16066	31020
6	16066	90117
6	16066	90576
6	16139	10960
6	16139	20809
6	16139	41253
6	16139	50875
6	16147	16582
6	16147	32449
6	16147	49606
6	16167	29442
6	16167	35179
6	16173	21912
6	16173	28602
6	16173	63366
6	16173	77592
6	16173	9730
6	16173	97349
6	16173	99031
6	16193	25947
6	16193	37719
6	16193	48888
6	16193	85948
6	16193	9845
6	16208	51275
6	16208	64821
6	16208	95047
6	16208	99810
6	16222	24115
6	16222	33638
6	16222	40736
6	16222	53391
6	16222	71496
6	16222	86269
6	16225	25491
6	16225	37500
6	16225	37805
6	16225	40601
6	16225	73502
6	16225	88495
6	16254	27973
6	16254	30939
6	16254	55311
6	16254	59724
6	16254	68191
6	16254	77707
6	16254	94099
6	16259	23068
6	16259	2519
6	16259	33392
6	16263	11468
6	16263	62582
6	16263	64068
6	16263	71262
6	16265	21254
6	16265	46633
6	16265	54854
6	16265	62281
6	16265	63004
6	16265	76137
6	16265	93950
6	16265	95732
6	16265	96851
6	16265	97170
6	16280	41325
6	16280	57023
6	16287	25944
6	16287	67152
6	16287	78271
6	16299	11353
6	16299	19888
6	16299	42388
6	16299	67775
6	16299	7629
6	16299	9032
6	16304	57008
6	16315	33431
6	16315	57848
6	16315	58331
6	16315	91906
6	16315	92371
6	16338	1546
6	16338	32810
6	16338	55634
6	16338	89499
6	16341	26501
6	16341	27182
6	16341	36481
6	16341	76845
6	16341	91018
6	16394	24277
6	16394	29529
6	16394	34793
6	16394	48049
6	16394	64129
6	16394	83497
6	16394	90699
6	16395	33224
6	16395	39013
6	16395	46827
6	16395	82444
6	16395	89164
6	16404	44186
6	16406	15229
6	16406	45640
6	16406	48116
6	16406	50287
6	16409	16280
6	16409	26857
6	16409	53913
6	16409	58590
6	16479	11013
6	16479	22479
6	16479	37354
6	16479	55510
6	16479	7434
6	16479	78549
6	16491	20762
6	16491	2251
6	16491	47648
6	16491	50896
6	16491	52003
6	16491	53012
6	16491	58109
6	16491	63693
6	16491	73951
6	16491	97234
6	16526	18920
6	16526	40755
6	16526	48165
6	16526	96749
6	16562	13008
6	16562	46561
6	16562	52598
6	16562	52990
6	16562	63545
6	16562	63806
6	16562	70436
6	16562	85302
6	16563	21645
6	16563	43175
6	16563	80664
6	16568	18828
6	16568	56942
6	1657	13843
6	1657	36707
6	1657	40842
6	1657	86809
6	1657	8768
6	1657	90631
6	16571	20397
6	16571	4181
6	16571	87124
6	16582	23278
6	16582	27582
6	16582	28333
6	16582	28593
6	16582	45051
6	16582	59235
6	16602	14728
6	16602	24339
6	16602	73755
6	16619	12422
6	16619	2326
6	16619	4477
6	16619	77502
6	16627	17487
6	16627	30245
6	16627	68940
6	16627	69373
6	16627	81663
6	16627	84888
6	16627	89745
6	16640	19264
6	16640	276
6	16640	3520
6	16640	54300
6	16661	30436
6	16661	3283
6	16661	3510
6	16661	61086
6	16661	62803
6	16661	97691
6	16666	48667
6	16666	55406
6	16666	78166
6	16676	11125
6	16676	23369
6	16676	26635
6	16679	45311
6	16679	45768
6	16679	5463
6	16679	62993
6	16689	15325
6	16689	34599
6	16689	41402
6	16689	42102
6	16696	35631
6	16698	22215
6	16698	27247
6	16698	73202
6	16698	94298
6	16781	2640
6	16781	27125
6	16781	46098
6	16781	58904
6	16781	65768
6	16781	70311
6	16781	93493
6	16802	18809
6	16802	32419
6	16802	49719
6	16802	54791
6	16802	93787
6	16843	23819
6	16843	24182
6	16843	43597
6	16863	21469
6	16863	41473
6	16863	79720
6	16863	8834
6	16863	92204
6	16863	94411
6	16911	11716
6	16911	31249
6	16911	53902
6	16917	11270
6	16917	40033
6	16917	44040
6	16917	46429
6	16917	75034
6	16920	34104
6	16920	56569
6	16920	76400
6	16920	86542
6	16929	27438
6	16929	66909
6	16929	84834
6	16929	85603
6	1694	18311
6	1694	22144
6	1694	5055
6	1694	73959
6	1694	74348
6	16958	66340
6	16958	93502
6	16959	16304
6	16959	2007
6	16959	23934
6	16959	4919
6	16959	49904
6	16959	58279
6	16959	63422
6	16968	27939
6	16968	49034
6	16968	64299
6	16971	4494
6	16971	51183
6	16971	83803
6	16971	89738
6	16974	10558
6	16974	21173
6	16974	24862
6	16974	55479
6	16974	58561
6	16974	69301
6	16974	6952
6	16974	83770
6	16974	91742
6	16974	95553
6	16975	21538
6	16975	36150
6	16975	4916
6	16975	79983
6	16975	85881
6	16975	86396
6	1699	4818
6	16994	19808
6	16994	24789
6	16994	42847
6	16994	54502
6	16994	98643
6	16998	10792
6	16998	24549
6	16998	25245
6	16998	26107
6	16998	39436
6	16998	42717
6	16998	70077
6	16998	73707
6	17000	20650
6	17000	2433
6	17000	91245
6	17000	9180
6	17000	99565
6	17068	10058
6	17068	25020
6	17068	3396
6	17068	34950
6	17068	42461
6	17068	93636
6	17069	23440
6	17069	26710
6	17069	37628
6	17069	42201
6	17069	56730
6	17069	71640
6	17069	74930
6	17078	21883
6	17078	35682
6	17078	56101
6	17078	65412
6	17078	67108
6	17078	92695
6	17086	24825
6	17086	56002
6	17086	71015
6	17086	76832
6	17086	89782
6	17099	39066
6	17099	4820
6	17099	55093
6	17099	57074
6	17099	64803
6	17099	95888
6	17119	10851
6	17119	50366
6	17119	61005
6	17119	84013
6	17119	99498
6	17121	20733
6	17121	28466
6	17121	4532
6	17121	68844
6	17121	91336
6	17127	79082
6	17148	17474
6	17148	23915
6	17148	25025
6	17148	31746
6	1717	49583
6	1717	75805
6	1717	81079
6	17173	21666
6	17173	26447
6	17173	30520
6	17173	44856
6	17173	53327
6	17173	91381
6	17177	20616
6	17177	30534
6	17177	31263
6	1723	36708
6	1723	36745
6	1723	37261
6	1723	82275
6	1723	90146
6	17252	30794
6	17252	397
6	17252	76271
6	17285	1933
6	17285	85548
6	17285	99716
6	17287	21021
6	17287	57542
6	17287	57591
6	17287	61164
6	17287	89791
6	17287	93845
6	17298	18198
6	17298	342
6	17298	43721
6	17298	71808
6	17298	81304
6	17298	85817
6	17312	15327
6	17312	45845
6	17312	93560
6	17326	80094
6	17326	85539
6	17326	94778
6	17329	18725
6	17329	50490
6	17329	81435
6	17329	98229
6	17329	98966
6	17340	10211
6	17340	22956
6	17340	34537
6	17340	42288
6	17340	52597
6	17340	59881
6	17340	60421
6	17340	63351
6	17340	74673
6	17340	80428
6	17340	94445
6	17364	47540
6	17364	55343
6	17364	66102
6	17407	11323
6	17407	29188
6	17407	32398
6	17407	4362
6	17407	78576
6	17407	92122
6	17409	11452
6	17409	52872
6	17409	58937
6	17421	42610
6	17421	6001
6	17421	71027
6	17421	76445
6	17421	90232
6	17421	91423
6	1743	242
6	1743	5336
6	17451	48046
6	17451	68417
6	17451	90490
6	17451	98053
6	17460	27262
6	17460	43674
6	17460	88628
6	17474	28901
6	17474	67416
6	17487	18462
6	17487	51100
6	17487	51876
6	17487	64225
6	17487	72437
6	17487	82625
6	17487	90571
6	17507	13089
6	17507	20123
6	17535	36971
6	17535	38478
6	17535	68809
6	17535	84204
6	17535	94430
6	17540	23669
6	17540	28199
6	17540	29260
6	17540	37395
6	17540	53540
6	17540	59301
6	17540	84077
6	17561	19566
6	17561	4899
6	17561	65651
6	17565	19743
6	17565	6892
6	17570	17287
6	17570	25873
6	17570	33049
6	17570	49085
6	17570	57375
6	17570	76724
6	17570	95141
6	17570	95401
6	17577	39436
6	17577	62762
6	17577	646
6	17593	28813
6	17593	38544
6	17593	50766
6	17593	56945
6	17593	61303
6	17593	63844
6	17593	75639
6	17609	36241
6	17609	45923
6	17609	48770
6	17609	6220
6	17609	71460
6	17609	97367
6	17611	3044
6	17611	4881
6	17611	49277
6	17623	37666
6	17623	71642
6	17623	77183
6	17623	84265
6	17623	9812
6	17624	1040
6	17624	47164
6	17624	68183
6	17624	84371
6	17624	95065
6	17655	18512
6	17655	36567
6	17655	57905
6	17655	72078
6	17655	79039
6	17656	34492
6	17656	85332
6	17656	90930
6	17657	18047
6	17657	29392
6	17657	38449
6	17657	3866
6	17657	4069
6	17657	49898
6	17667	57122
6	17667	6044
6	17669	23355
6	17669	68568
6	17669	70274
6	17669	8189
6	17679	27720
6	17679	37031
6	17679	40515
6	17679	40767
6	17679	47413
6	17685	19400
6	17685	28085
6	17685	55117
6	17685	76340
6	17685	89093
6	17685	89490
6	17708	21034
6	17708	43779
6	17708	72436
6	17708	78376
6	17708	87064
6	17708	87901
6	17714	21992
6	17714	24347
6	17714	25179
6	17714	51279
6	17714	94340
6	17730	1465
6	17730	40908
6	17745	10071
6	17745	4211
6	17745	44944
6	17745	90520
6	17745	9307
6	17754	12017
6	17754	35363
6	17754	38885
6	17754	45905
6	17754	55232
6	17754	57093
6	17754	70134
6	17754	74026
6	17754	96137
6	17755	20102
6	17755	21714
6	17755	28851
6	17755	49477
6	17755	58403
6	17755	70264
6	17755	71519
6	17755	76820
6	17760	34206
6	17760	7583
6	17760	77316
6	17760	90618
6	17772	50960
6	17772	51552
6	17772	80625
6	17775	19651
6	17775	38988
6	17775	48357
6	17775	69923
6	17775	77416
6	17775	85994
6	17776	45368
6	17776	82073
6	1778	47667
6	1778	62598
6	1778	71542
6	1778	76353
6	1778	85135
6	17797	47285
6	17797	64919
6	17797	65423
6	17797	86103
6	17797	952
6	17819	670
6	17819	99126
6	17821	41438
6	17821	59848
6	17821	85417
6	17821	90642
6	1783	78934
6	1783	83740
6	1783	91319
6	1783	95489
6	17837	50963
6	17837	51102
6	17837	93445
6	17851	15191
6	17851	47636
6	17851	48080
6	17851	76921
6	17855	42698
6	17855	49843
6	17855	5754
6	17855	80631
6	17855	84921
6	17855	980
6	17857	22856
6	17857	2514
6	17857	27928
6	17857	641
6	17857	6450
6	17857	73493
6	17884	2520
6	17884	39371
6	17884	61050
6	17884	71615
6	17943	23529
6	17943	38590
6	17943	4254
6	17943	48046
6	17943	50732
6	17943	6178
6	17943	64743
6	17954	11281
6	17954	4403
6	17954	69659
6	17954	87761
6	17964	10538
6	17964	28348
6	17964	28523
6	17964	28568
6	17964	34838
6	17964	38921
6	17964	66234
6	17964	79093
6	17964	95371
6	17964	95441
6	17984	19098
6	17984	42988
6	17984	47837
6	17984	74785
6	17984	84961
6	17984	88015
6	17987	25532
6	17987	39351
6	17987	94231
6	17999	10364
6	17999	2509
6	17999	37051
6	17999	56810
6	17999	69787
6	17999	72362
6	17999	74193
6	18006	1819
6	18006	25863
6	18006	37086
6	18006	45668
6	18022	19888
6	18022	28580
6	18022	64146
6	18022	96653
6	18039	52402
6	18039	63412
6	18039	6882
6	18047	25052
6	18047	41680
6	18047	62694
6	18047	65779
6	18066	71361
6	18066	8452
6	18066	96982
6	18068	61962
6	18068	71957
6	18077	17099
6	18077	5622
6	18077	69403
6	18129	12737
6	18129	23444
6	18129	69461
6	18129	89852
6	18129	9344
6	18134	17565
6	18134	30919
6	18134	64895
6	18137	42563
6	18137	43522
6	18137	59342
6	18139	35055
6	18183	64560
6	18183	76604
6	18183	90541
6	18188	25956
6	18188	44721
6	18188	67501
6	18188	68954
6	1819	61603
6	1819	86501
6	18198	79069
6	18198	95811
6	18201	13873
6	18201	43944
6	18201	48730
6	18201	57681
6	18201	68224
6	18201	73219
6	18201	74598
6	18212	20833
6	18212	34507
6	18212	45311
6	18212	88764
6	18212	9124
6	18212	93341
6	18219	67788
6	18219	80026
6	18219	83977
6	18249	36449
6	18249	66330
6	18249	74870
6	1826	2710
6	1826	37163
6	1826	39777
6	1826	97412
6	18262	12119
6	18262	18806
6	18262	4725
6	18262	93815
6	18287	65098
6	18289	21263
6	18289	68290
6	18289	75391
6	18289	87868
6	18289	93484
6	18289	96337
6	18289	98960
6	183	48905
6	183	89289
6	183	90671
6	1830	15802
6	1830	4090
6	1830	50199
6	1830	53301
6	1830	79366
6	1830	90381
6	18311	2280
6	18311	23354
6	18311	23672
6	18311	32471
6	18311	35749
6	18311	60481
6	18311	66890
6	18311	70869
6	18311	79048
6	18311	85368
6	18311	95951
6	18331	84499
6	18339	65093
6	18339	82758
6	18339	9083
6	18339	9471
6	18339	96561
6	18342	25120
6	18342	51837
6	18342	59409
6	18342	80585
6	18342	88037
6	18346	10427
6	18346	8563
6	18358	20589
6	18358	34150
6	18358	88419
6	18361	11733
6	18361	41404
6	18361	47766
6	18441	12376
6	18441	51306
6	18441	67283
6	18445	18858
6	18445	4343
6	18445	69399
6	18447	13929
6	18447	38621
6	18450	11082
6	18450	22294
6	18450	26979
6	18450	41162
6	18450	44215
6	18450	87580
6	18461	31211
6	18461	31555
6	18461	40151
6	18461	63303
6	18461	68962
6	18461	73470
6	18461	84645
6	18462	63085
6	18462	74268
6	18462	96756
6	18462	97023
6	18467	36574
6	18467	63865
6	18467	8146
6	18467	86961
6	18467	93629
6	18487	1223
6	18487	34174
6	18487	58009
6	18487	74720
6	18487	82177
6	18490	46371
6	18490	67066
6	18502	19612
6	18502	28658
6	18502	58923
6	18512	29190
6	18512	84215
6	18512	89966
6	1852	29426
6	1852	32668
6	1852	35421
6	1852	48519
6	1852	60925
6	1852	71067
6	1852	75336
6	18533	19294
6	18533	49368
6	18533	55740
6	18533	91159
6	18533	95345
6	18590	10538
6	18590	56026
6	18590	88688
6	1860	60725
6	1860	63145
6	1860	68406
6	1862	33932
6	1862	34830
6	1862	71474
6	1862	85434
6	18622	34715
6	18622	43567
6	18622	6614
6	18622	73643
6	18622	90553
6	1863	1012
6	1863	49469
6	1863	70700
6	1863	7946
6	1863	88410
6	18631	16582
6	18631	91808
6	18631	95546
6	18632	37314
6	18632	53785
6	18650	13159
6	18650	33759
6	18650	79763
6	18650	98565
6	18651	19404
6	18651	69796
6	18651	7507
6	18651	80042
6	18659	22001
6	18659	29371
6	18659	29584
6	18659	30251
6	18659	61656
6	18659	89767
6	18659	99811
6	18682	71470
6	18682	80639
6	18692	19808
6	18692	41760
6	18692	99473
6	18725	6264
6	18725	72758
6	18725	77199
6	18725	85482
6	18733	3137
6	18733	45125
6	18733	51912
6	18733	62310
6	18733	7211
6	18733	94606
6	18736	20990
6	18736	44358
6	18736	67778
6	18736	74048
6	18756	79499
6	18758	3594
6	18777	19518
6	18777	266
6	18806	42449
6	18806	52257
6	18806	55530
6	18809	20521
6	18809	22147
6	18809	58146
6	18809	93272
6	18826	1995
6	18826	9997
6	18828	58419
6	18828	64644
6	18828	73116
6	18828	83462
6	1883	49330
6	1883	92093
6	18858	28944
6	18858	40510
6	18858	55776
6	18858	57146
6	18858	93785
6	18876	25996
6	18876	35458
6	18876	70059
6	18876	98280
6	18903	16676
6	18920	25954
6	18920	40057
6	18920	44771
6	18920	69956
6	18920	77660
6	18920	8376
6	18920	96485
6	18922	54658
6	18922	93007
6	18922	93382
6	18922	95750
6	18976	31542
6	18976	61211
6	18976	87839
6	18976	88314
6	18986	2351
6	19002	53380
6	1903	20327
6	1903	32766
6	1903	41850
6	1903	85448
6	19047	43686
6	1907	26556
6	1907	48721
6	1907	67914
6	19081	78472
6	19098	8127
6	19112	11158
6	19112	31656
6	19112	65201
6	19112	87468
6	19112	93442
6	19114	11145
6	19114	36615
6	19114	76816
6	19114	84196
6	19144	6135
6	19151	17287
6	19151	23060
6	19151	33622
6	19151	85046
6	19151	94433
6	19166	20763
6	19166	30251
6	19166	31307
6	19166	49760
6	19166	72653
6	19196	10466
6	19196	52093
6	19196	80214
6	192	10318
6	192	30611
6	192	47795
6	192	67095
6	19205	30172
6	19205	5171
6	19205	52661
6	19205	73598
6	19205	96921
6	1925	66205
6	1925	68923
6	19263	10420
6	19263	46411
6	19263	67362
6	19263	79582
6	19264	30433
6	19264	35807
6	19264	58314
6	19294	82951
6	1933	80687
6	1933	81420
6	19360	21021
6	19360	37194
6	19360	54201
6	19360	58286
6	19360	93893
6	19360	98351
6	19370	10011
6	194	31656
6	194	37067
6	194	47968
6	194	49681
6	19400	21369
6	19400	26489
6	19400	2789
6	19400	79954
6	19404	3610
6	19404	3921
6	19404	4118
6	19404	95793
6	19410	40069
6	19410	45288
6	19410	53846
6	19410	75934
6	19410	83337
6	19410	84041
6	19418	10808
6	19418	22272
6	19418	95330
6	19418	9639
6	19438	1135
6	19438	37597
6	19438	81650
6	19444	20555
6	19444	21582
6	19444	32239
6	19444	6816
6	19444	6851
6	1946	26393
6	1946	35012
6	1946	39777
6	1946	95158
6	1948	52629
6	1948	6621
6	1948	81261
6	19498	35414
6	19498	70309
6	19510	35620
6	19510	37561
6	19511	22735
6	19511	72671
6	19511	78151
6	19511	95940
6	19514	27802
6	19514	37107
6	19514	39659
6	19514	55194
6	19514	66579
6	19514	76796
6	19514	78560
6	19518	37798
6	19518	38251
6	19518	44191
6	19518	49374
6	19534	40263
6	19534	57275
6	19534	93536
6	19534	98033
6	19555	24770
6	19555	52913
6	19555	56171
6	19566	70003
6	19566	7909
6	19594	17851
6	19594	65258
6	19594	85699
6	19594	98025
6	19602	17624
6	19602	95210
6	19612	64716
6	19612	6797
6	19612	80491
6	19612	92144
6	19613	24105
6	19613	25904
6	19613	62377
6	19635	50112
6	19635	50659
6	19635	63676
6	19635	65434
6	19635	80105
6	19635	94598
6	19651	31534
6	19651	42198
6	19651	79584
6	19651	9360
6	19656	1826
6	19656	37776
6	19656	4019
6	19656	43083
6	19656	44471
6	19656	60206
6	19656	63989
6	19656	64630
6	19656	77547
6	19656	95153
6	19662	25747
6	19662	34608
6	19682	12122
6	19682	24134
6	19743	76366
6	19743	90670
6	1977	21013
6	1977	48846
6	1977	78955
6	1977	91732
6	19790	68655
6	19790	9012
6	19790	97620
6	19800	17173
6	19800	23948
6	19802	21465
6	19802	25339
6	19802	87826
6	19808	2368
6	19808	49953
6	19817	62451
6	19817	64605
6	19840	54106
6	19840	76463
6	19840	84360
6	19840	9531
6	19840	99127
6	19852	20469
6	19852	28973
6	19852	43379
6	19852	45575
6	19852	75515
6	19867	67077
6	19888	41119
6	19901	22915
6	19901	2732
6	19901	31227
6	19901	50474
6	19932	23394
6	19932	46842
6	19932	60214
6	1995	3118
6	1995	3374
6	1995	80756
6	19995	14749
6	19995	96832
6	200	30188
6	200	35622
6	200	97780
6	20005	10935
6	20005	3281
6	20005	37080
6	20005	38373
6	20005	5067
6	20005	58804
6	20005	88508
6	20029	24031
6	20029	39037
6	20029	4576
6	20029	48121
6	20029	77073
6	2007	46559
6	2007	54174
6	2007	65226
6	2007	87345
6	2007	96578
6	20079	50427
6	20079	56667
6	20079	6049
6	20079	62458
6	20079	64439
6	20079	92894
6	20080	14422
6	20080	32191
6	20095	60121
6	20095	96074
6	20102	21489
6	20102	5440
6	20117	32336
6	20117	53970
6	20123	2758
6	20123	31977
6	20123	72227
6	20123	80785
6	20123	99782
6	20135	20961
6	20135	22674
6	20135	30265
6	20135	33594
6	20135	34042
6	20135	58778
6	20147	21822
6	20147	4306
6	20147	44941
6	20147	58978
6	20147	96229
6	2015	11640
6	20193	28808
6	20193	38656
6	20193	84505
6	20250	34027
6	2026	14806
6	2026	39126
6	2026	48477
6	2026	55576
6	2026	74545
6	2026	92771
6	2026	93491
6	20285	55943
6	20285	65841
6	20285	68450
6	20285	73976
6	20285	83017
6	20285	89140
6	20290	17667
6	20290	87482
6	20291	43215
6	20291	46218
6	20291	7680
6	2032	3375
6	2032	38154
6	2032	47897
6	2032	49591
6	20320	14206
6	20320	77914
6	20327	53259
6	20344	50287
6	20344	59503
6	20344	61751
6	20344	65210
6	20344	65672
6	20384	73096
6	20397	41409
6	20397	71087
6	20400	5021
6	2041	13751
6	2041	2053
6	2041	74219
6	2041	80293
6	20411	54476
6	20411	58874
6	20469	24454
6	20469	32937
6	20469	4382
6	20469	51201
6	20469	74551
6	20473	12869
6	20473	25377
6	20473	27022
6	20494	21438
6	20494	23358
6	20494	31966
6	20494	53215
6	20503	13873
6	20503	26365
6	20503	52567
6	20504	40243
6	20504	55700
6	20504	81792
6	20504	87516
6	20521	2598
6	20521	60361
6	20521	97049
6	20524	36790
6	20524	37714
6	20524	39041
6	20524	46502
6	20524	49145
6	2053	20531
6	2053	23010
6	2053	84545
6	20531	41054
6	20531	4656
6	20551	16066
6	20551	31178
6	20551	38198
6	20551	48974
6	20551	81513
6	20551	85229
6	20555	64137
6	20555	77384
6	20555	85587
6	20591	11640
6	20591	59387
6	20591	88474
6	20591	88677
6	20591	94109
6	20599	54658
6	20599	6782
6	20599	92574
6	20616	86761
6	20616	89255
6	2063	88973
6	20650	3380
6	20650	92434
6	20650	95469
6	20654	1883
6	20654	57802
6	20654	69592
6	20654	79835
6	20665	73376
6	20665	84617
6	20668	92062
6	20682	6196
6	20682	64368
6	20682	89516
6	20716	12688
6	20716	26029
6	20716	4979
6	20716	65002
6	20716	73801
6	20733	34010
6	20733	69174
6	2075	26219
6	2075	43168
6	20759	52072
6	20759	62874
6	20759	68184
6	20759	74364
6	20759	90856
6	20762	31038
6	20762	43545
6	20762	64483
6	20762	8155
6	20762	88264
6	20763	25036
6	20763	5712
6	20763	59719
6	208	33356
6	208	41738
6	208	60452
6	208	78650
6	208	81835
6	20833	33476
6	20833	47474
6	20833	80869
6	20833	95579
6	20853	23658
6	20853	44520
6	20853	4992
6	20853	54830
6	20853	8857
6	20853	99070
6	20864	41200
6	20864	5516
6	20864	7294
6	20864	81069
6	2090	13553
6	2090	22643
6	2090	43863
6	2090	45381
6	2090	4925
6	2090	54388
6	2090	79396
6	2090	95515
6	20905	18077
6	20905	41754
6	20905	64611
6	20905	8925
6	20926	40751
6	20943	10609
6	20943	79922
6	20961	45876
6	20975	10520
6	20975	45521
6	20975	52324
6	20975	72722
6	20975	98147
6	20979	17312
6	20979	74324
6	20979	78334
6	20988	18736
6	20988	3875
6	20988	56982
6	20988	65949
6	20988	88467
6	20990	32259
6	20990	59463
6	20990	75001
6	20990	89653
6	20991	43597
6	20991	73077
6	21003	40470
6	21003	53204
6	21004	65430
6	21004	87801
6	21004	95407
6	21013	36845
6	21015	35760
6	21015	76920
6	21021	64641
6	21021	97827
6	21022	32922
6	21022	53084
6	21022	66895
6	2103	28898
6	21036	19802
6	21036	26992
6	21036	61822
6	21036	89879
6	21044	24451
6	21044	46719
6	21044	57854
6	21044	63828
6	21047	37068
6	21047	40134
6	21075	13381
6	21075	21196
6	21075	59751
6	21075	73684
6	21080	34957
6	21082	26529
6	21082	85500
6	21092	24339
6	21092	56254
6	21092	67899
6	21092	98651
6	21106	252
6	21106	439
6	21106	61939
6	21106	86906
6	21106	95378
6	21131	14604
6	21131	32112
6	21133	11736
6	21133	41155
6	21133	52750
6	21133	75019
6	21134	43856
6	21134	5922
6	21134	67691
6	21149	19166
6	21149	38846
6	21149	3939
6	21149	45884
6	21149	62793
6	21150	17754
6	21150	28322
6	21150	44950
6	21150	99397
6	21153	24819
6	21153	75517
6	21173	28123
6	21197	21671
6	21197	80764
6	21197	87333
6	21229	47023
6	21232	24437
6	21232	36569
6	21232	44480
6	21232	67912
6	21238	42175
6	21238	4937
6	21238	672
6	21238	90137
6	21242	12325
6	21242	35453
6	21242	51844
6	21242	96186
6	21248	1195
6	21248	24583
6	21248	78424
6	21254	31888
6	21254	338
6	21254	77750
6	21261	36345
6	21261	75757
6	21263	47035
6	21265	1977
6	21325	28579
6	21325	30210
6	21325	67951
6	21340	29409
6	21340	35944
6	21340	52926
6	21340	59102
6	21340	92259
6	21354	39741
6	21354	90816
6	21369	35078
6	21369	46317
6	21369	95457
6	21413	11495
6	21413	67826
6	21413	70177
6	21413	75269
6	21413	96195
6	21417	29888
6	21417	44283
6	21438	32715
6	21438	39702
6	21438	4808
6	21438	57006
6	21459	24013
6	21459	90074
6	21465	66335
6	21465	72958
6	21469	42691
6	21469	75748
6	21469	87298
6	21489	78696
6	21489	87946
6	21489	97745
6	21516	29979
6	21516	41641
6	21516	98759
6	21538	29780
6	21538	76413
6	21538	80899
6	21538	95870
6	2155	41883
6	2155	62426
6	2155	85132
6	21582	42295
6	21582	85122
6	21613	13385
6	21613	81586
6	21614	26867
6	2163	45559
6	2163	49733
6	2163	75149
6	2163	82576
6	21645	68403
6	21657	45364
6	21657	56879
6	21657	71530
6	21659	35732
6	21666	26295
6	21666	5073
6	21666	6324
6	21666	79919
6	21666	7992
6	21666	80636
6	21670	65967
6	21670	66080
6	21670	68272
6	21671	39617
6	21671	60991
6	21671	77803
6	21685	95795
6	2169	4153
6	2169	59479
6	2169	64778
6	2169	65451
6	2169	94585
6	21714	3787
6	21714	4277
6	21744	30732
6	21744	50899
6	21744	61759
6	21753	19790
6	21759	16304
6	21759	23169
6	21780	15097
6	21780	22302
6	21780	45005
6	21788	12611
6	21788	69920
6	21788	99609
6	21793	46717
6	21793	51035
6	21793	65946
6	21793	73071
6	21793	89727
6	21793	94446
6	21803	10990
6	21803	2526
6	21803	28186
6	21803	28765
6	21803	47225
6	21803	52969
6	21803	61128
6	21803	72960
6	21806	26846
6	21814	10236
6	21814	37932
6	21814	391
6	21814	93604
6	21822	232
6	21822	39105
6	21822	58258
6	21822	98389
6	21828	10236
6	21828	56548
6	21852	24272
6	21852	33826
6	21852	68911
6	21858	48837
6	21868	4927
6	21883	3952
6	21883	40156
6	21893	76298
6	21893	85019
6	21893	95630
6	21897	28333
6	21897	67304
6	21912	26705
6	21912	49716
6	21912	69985
6	21912	8890
6	21914	24716
6	21914	32303
6	21914	93079
6	21926	63148
6	21954	29212
6	21954	5143
6	21954	69284
6	21954	9250
6	21992	935
6	22001	44618
6	22021	47468
6	22021	67646
6	22021	9110
6	22024	4885
6	22024	56090
6	22047	14766
6	22047	26906
6	22048	26824
6	22048	77317
6	22048	99664
6	22080	5032
6	22080	59688
6	22081	40599
6	22081	77880
6	22081	95398
6	22083	26098
6	22083	42833
6	22083	77488
6	22083	79564
6	22083	9359
6	2210	24304
6	2210	81418
6	22147	61769
6	22147	63147
6	22188	30036
6	22188	40344
6	22188	42467
6	22209	462
6	22209	52859
6	22209	76018
6	22209	9100
6	22209	91591
6	22262	54043
6	22262	74697
6	22262	78793
6	22272	80710
6	22282	10870
6	22282	45091
6	22282	61484
6	22282	90245
6	22294	31280
6	22294	44773
6	22363	44609
6	22368	45858
6	22368	60561
6	22368	95655
6	22368	98314
6	22399	41518
6	22406	41174
6	22406	6432
6	22415	80112
6	22434	37120
6	22434	5908
6	22434	59369
6	22434	75738
6	22460	12505
6	22460	64553
6	22472	65656
6	22472	84853
6	22479	42625
6	22479	47851
6	22479	50772
6	22479	6788
6	22479	68834
6	22479	97239
6	22480	388
6	22480	46051
6	22481	16299
6	22481	94801
6	22503	12707
6	22503	45128
6	22503	78203
6	22503	89160
6	22509	28746
6	22509	69579
6	2251	23958
6	2251	55825
6	22524	2279
6	22524	60907
6	22524	64417
6	22524	89820
6	22569	30101
6	22569	5623
6	22569	68939
6	22569	9848
6	22580	37175
6	22580	37180
6	22580	82740
6	2260	60902
6	22638	6262
6	22642	10591
6	22642	77620
6	22642	81231
6	22642	82909
6	22643	26323
6	22643	29385
6	22643	57861
6	22643	98235
6	22674	2394
6	22686	14642
6	22686	49292
6	22686	76996
6	22686	8044
6	22686	86940
6	22695	47840
6	22695	54343
6	22695	63921
6	22695	71851
6	22695	84332
6	22695	86140
6	22695	88020
6	22695	98133
6	22721	14290
6	22721	28023
6	22721	30987
6	22721	39410
6	22721	55526
6	22721	74101
6	22729	35881
6	22729	36072
6	22729	54100
6	22731	40167
6	22731	74090
6	22735	5540
6	22735	75839
6	22735	81828
6	22735	92374
6	22743	28348
6	22743	30602
6	22743	95683
6	22745	74485
6	22754	39914
6	22754	45871
6	22754	91941
6	22764	73466
6	22764	90016
6	22776	13089
6	22776	77819
6	2279	25585
6	2279	76388
6	2280	35240
6	2280	53264
6	22852	65228
6	22856	24803
6	22856	73809
6	22856	76143
6	22856	99101
6	22870	44539
6	22870	52924
6	22870	53884
6	22870	94369
6	22892	13873
6	22892	26624
6	22892	66979
6	22892	82713
6	22892	84920
6	22899	17775
6	22899	60557
6	22915	64004
6	22918	55246
6	22918	78239
6	22924	43442
6	22924	65670
6	22941	5914
6	22969	3182
6	22969	36524
6	22969	65604
6	22969	88803
6	23010	6043
6	23010	87563
6	23010	9821
6	23037	12817
6	23037	45949
6	23060	44070
6	23060	79351
6	23063	53374
6	23068	86981
6	23123	147
6	23123	25004
6	23123	53993
6	23123	57430
6	23123	62682
6	23123	895
6	23123	94060
6	23169	35291
6	23169	99394
6	23174	12390
6	23174	52879
6	23174	61740
6	232	4061
6	23207	45340
6	23207	46482
6	23207	93407
6	23225	7620
6	2324	26819
6	2324	27938
6	2324	52445
6	2324	53713
6	2324	60274
6	2324	71312
6	23244	86046
6	23244	91540
6	23250	89876
6	2326	57816
6	2326	95642
6	23278	34610
6	23278	34730
6	23278	61892
6	23278	93534
6	23297	41905
6	23297	51200
6	23297	62790
6	23297	71547
6	23305	84195
6	23307	36712
6	23307	64314
6	23307	79324
6	23307	80761
6	23323	7955
6	23323	88767
6	23334	10519
6	23334	46635
6	23334	82541
6	23334	90442
6	23337	13873
6	23349	31055
6	23349	77993
6	23355	41842
6	23355	74339
6	23358	71028
6	23369	86866
6	23369	98899
6	23376	31097
6	23376	3968
6	23376	60911
6	23376	82991
6	23394	30883
6	23394	91200
6	23401	85743
6	23405	34134
6	23440	29969
6	23440	60131
6	23444	27712
6	23444	52668
6	23444	99592
6	23470	10591
6	23494	94746
6	2351	29010
6	2351	51864
6	23511	3237
6	23511	68928
6	23511	80044
6	23512	56362
6	23512	74632
6	23529	39861
6	23529	45387
6	23529	5276
6	23529	96301
6	23548	70103
6	23548	73158
6	23548	98615
6	23592	51134
6	23592	52679
6	23623	69446
6	23623	70637
6	2364	30947
6	2364	82665
6	23646	43220
6	23646	49339
6	23646	67761
6	23658	32179
6	23666	52403
6	23669	32554
6	23669	82712
6	23669	93174
6	23669	94213
6	23672	2931
6	23672	80658
6	2368	53030
6	23693	27978
6	23693	51879
6	23693	67699
6	23716	4648
6	23716	96903
6	23718	75039
6	23718	94153
6	23729	12119
6	23729	25459
6	23729	44741
6	23734	45068
6	23738	65225
6	23738	69799
6	23755	72216
6	23759	10364
6	23759	25195
6	23759	66911
6	23763	10457
6	23763	43766
6	23781	35271
6	23781	87725
6	23781	95702
6	23804	47136
6	23819	27289
6	23882	18806
6	23906	7776
6	23915	95314
6	23922	95946
6	23925	72988
6	23925	82517
6	23927	37056
6	23927	56606
6	23929	30693
6	23929	81611
6	23929	8689
6	23930	98128
6	23932	29046
6	23932	42156
6	23932	74479
6	23933	20654
6	23933	58992
6	23933	6583
6	23933	82289
6	23934	28358
6	23934	32
6	23934	59237
6	23948	65532
6	23948	98553
6	2396	31008
6	2396	38522
6	2396	75858
6	23982	5928
6	23988	94251
6	24013	98001
6	24019	48573
6	24019	61100
6	24019	66461
6	24019	9033
6	24024	13559
6	24024	24065
6	24042	96751
6	24046	54165
6	24046	73040
6	24046	81272
6	24076	56575
6	24115	67178
6	24115	88443
6	24115	95178
6	24124	27188
6	24124	3959
6	24124	93979
6	24127	11239
6	24127	25984
6	24127	5388
6	24129	11507
6	2415	3710
6	2415	60106
6	24182	2471
6	24182	31233
6	24182	38711
6	24182	80831
6	24199	8265
6	242	5191
6	242	62594
6	242	99339
6	24207	3323
6	24207	38598
6	24234	10808
6	24234	85399
6	24234	86938
6	24245	23666
6	24245	67243
6	24245	74842
6	24272	34044
6	24272	46808
6	24272	90854
6	24277	83358
6	24304	8145
6	24322	48217
6	2433	58397
6	24340	48797
6	24340	88140
6	24340	90370
6	24347	29014
6	24353	75954
6	24409	24613
6	24409	55636
6	24424	44157
6	24437	35514
6	24437	74
6	24437	80081
6	24454	33432
6	24454	74758
6	24454	96597
6	24494	83401
6	24500	27156
6	24500	59404
6	24500	82096
6	24500	87220
6	24502	73487
6	24502	81666
6	2453	61254
6	24533	51903
6	24533	73003
6	24533	87935
6	24549	61516
6	24549	79521
6	24583	81647
6	24604	38019
6	24604	68281
6	24613	49556
6	24613	5878
6	24617	57107
6	24617	63859
6	24617	68090
6	24617	97941
6	24622	58970
6	24622	84835
6	24622	91947
6	24651	49561
6	24651	99481
6	24681	4777
6	24681	73929
6	24681	79641
6	24681	83807
6	24705	10318
6	24705	75918
6	24705	87415
6	2471	44459
6	24716	54159
6	24716	78068
6	24716	94218
6	24724	32134
6	24724	3607
6	24724	66399
6	24724	87723
6	24724	92429
6	24724	98799
6	24725	38279
6	24725	6672
6	24725	73166
6	24739	25913
6	24739	40723
6	2477	12769
6	24770	71922
6	24770	99615
6	24784	81991
6	24784	83475
6	24789	25077
6	24789	26923
6	24798	16843
6	24798	45028
6	24798	47507
6	24803	3234
6	24803	85350
6	24803	89206
6	24816	25881
6	24819	42103
6	24819	64028
6	24819	68466
6	24819	91194
6	24825	4116
6	24828	42577
6	24828	6140
6	24828	80819
6	24828	93427
6	24828	96579
6	24846	87358
6	24858	65489
6	24861	26347
6	24861	48510
6	24861	72792
6	24862	76811
6	24862	85848
6	24862	8938
6	24916	75584
6	24916	8740
6	24938	11902
6	24938	29863
6	24938	61535
6	24938	73438
6	24938	86228
6	24950	31963
6	24950	63137
6	24950	94093
6	24967	10519
6	24982	63033
6	24982	93977
6	25004	45740
6	25004	6077
6	25004	67787
6	25004	98345
6	2501	25177
6	2501	95277
6	2501	95757
6	2501	98933
6	25017	71758
6	25017	86128
6	25020	80045
6	25036	33981
6	25036	53829
6	25052	72621
6	25052	7789
6	25069	19867
6	25069	56225
6	25069	59869
6	2509	72050
6	2509	89391
6	25092	11082
6	25092	50864
6	25120	94108
6	25127	20397
6	25127	69580
6	25127	99035
6	25135	14563
6	25135	66605
6	25177	25479
6	25177	73798
6	25177	96940
6	25179	2586
6	25179	62654
6	25179	70978
6	25180	18651
6	25183	20961
6	25183	92941
6	2519	81960
6	25195	76116
6	25195	83665
6	252	46991
6	252	86530
6	252	95753
6	2520	89642
6	2520	90237
6	2520	98850
6	25209	8216
6	25227	70823
6	2526	58773
6	2526	61098
6	25266	77923
6	25269	56683
6	25269	83918
6	25288	29302
6	25288	37502
6	25288	77035
6	25316	72699
6	25316	73212
6	25316	97536
6	25320	19510
6	25320	53467
6	25320	96447
6	25338	32626
6	25338	35701
6	25338	78175
6	25338	82935
6	25339	42237
6	25339	64353
6	25354	28375
6	25354	37151
6	25372	77261
6	25377	79237
6	25387	14644
6	25387	65783
6	25387	98161
6	25402	11104
6	25402	27006
6	25402	5275
6	25402	54975
6	25402	63474
6	25410	79020
6	25431	36577
6	25431	49822
6	25431	74242
6	25455	38759
6	25455	70007
6	25455	9688
6	25459	37770
6	25479	55772
6	25479	68052
6	25491	25666
6	25491	47796
6	25491	63756
6	25503	76397
6	25532	60599
6	25532	64401
6	25532	87047
6	25544	27824
6	25544	60584
6	25568	82367
6	25615	34004
6	25619	12644
6	25619	50852
6	25619	70429
6	25632	41829
6	25632	43687
6	25632	77168
6	25646	40267
6	25646	6185
6	25692	29097
6	25735	97152
6	25745	32726
6	25747	28508
6	25747	90487
6	25750	29721
6	25750	49600
6	25768	93275
6	25812	20521
6	25812	42283
6	25817	12042
6	25832	49978
6	25855	44189
6	25855	46966
6	25855	47382
6	25855	72002
6	25855	74532
6	25860	3180
6	25860	42420
6	25863	43618
6	25870	10211
6	25870	43807
6	25870	84740
6	25872	17000
6	25873	30012
6	25873	36912
6	25873	77737
6	25881	29375
6	25881	88689
6	25881	94408
6	25882	31178
6	25882	85361
6	2590	84918
6	25913	36048
6	25913	83782
6	2592	15599
6	2592	38460
6	2592	70000
6	25935	63731
6	25936	71058
6	25936	82052
6	25936	9928
6	25944	40195
6	25947	36380
6	25948	26948
6	25954	89386
6	25954	97505
6	25956	33058
6	25956	71591
6	25984	81514
6	25990	43641
6	25990	66213
6	26006	32135
6	26006	51556
6	26006	59971
6	26029	35333
6	26045	50049
6	26065	25069
6	26098	40410
6	26098	85968
6	26098	92555
6	26107	29654
6	26143	25245
6	26143	50839
6	26143	7168
6	26153	41749
6	26153	55688
6	26183	93888
6	26183	96042
6	26186	50562
6	26186	86147
6	26191	99468
6	26203	35473
6	26203	55386
6	26203	67025
6	26219	65220
6	26255	10954
6	26280	11497
6	26295	8203
6	26299	1131
6	26299	82606
6	26313	85388
6	26314	39429
6	26321	37052
6	26323	63080
6	26323	66351
6	26330	12597
6	26330	87964
6	26330	95765
6	26347	46824
6	26347	52962
6	26347	61646
6	26350	10272
6	26350	46014
6	26350	85980
6	26358	30680
6	26358	51490
6	26358	62333
6	26365	52074
6	26365	56014
6	26365	74052
6	26365	78776
6	26368	40081
6	26368	52799
6	26368	6899
6	26368	77113
6	26375	98480
6	26385	32882
6	26385	76410
6	26393	66569
6	2640	88326
6	26421	77095
6	26440	15447
6	26440	91557
6	26446	22480
6	2645	32577
6	2645	95690
6	26500	33917
6	26500	74818
6	26501	60765
6	26501	63885
6	26524	59170
6	26529	36545
6	26535	72119
6	26546	1852
6	26546	73330
6	26546	91722
6	26556	62973
6	26559	41467
6	2658	7248
6	26596	59798
6	266	62511
6	266	78208
6	26607	49774
6	26607	52114
6	26624	93116
6	26635	82543
6	26641	42558
6	26658	55267
6	26658	95998
6	26659	89530
6	2666	43442
6	2666	93530
6	2666	93647
6	2667	25913
6	2667	67619
6	2667	77063
6	26677	18447
6	26677	37375
6	26705	4757
6	26710	80647
6	26721	54530
6	26721	7879
6	2675	12491
6	2675	46137
6	26761	43921
6	26819	26832
6	26824	61846
6	26831	29272
6	26857	32488
6	26867	58322
6	26867	74526
6	26867	9715
6	26889	36003
6	26906	38014
6	26906	75392
6	26923	69709
6	26948	39292
6	26948	89356
6	26973	32937
6	26973	95317
6	26973	97251
6	26992	9867
6	27006	46349
6	27006	50863
6	27006	71060
6	27022	53341
6	27045	15280
6	27067	7987
6	27075	12707
6	2710	4639
6	2710	62877
6	2711	5738
6	2711	80157
6	27125	348
6	27125	35076
6	27125	65408
6	27153	66696
6	27153	74370
6	27156	45673
6	27182	90867
6	27196	12505
6	27196	65507
6	27234	13062
6	27241	70127
6	27241	72490
6	27247	46207
6	27259	33350
6	27284	18129
6	27284	45317
6	27289	97484
6	2732	4924
6	2732	63216
6	2732	66367
6	27354	58516
6	27386	45824
6	27412	30436
6	27419	34114
6	27419	36766
6	27423	85428
6	27426	68698
6	27426	90112
6	27442	28993
6	27442	51962
6	27451	12390
6	27451	76650
6	27480	3044
6	27480	48070
6	27503	90718
6	27556	44199
6	27556	89457
6	2758	28646
6	276	40119
6	276	45320
6	276	74882
6	276	79094
6	2766	14993
6	2766	82521
6	2769	85195
6	27712	44869
6	27712	9270
6	27720	35762
6	27793	827
6	27795	55652
6	27795	59201
6	27802	37454
6	27802	625
6	27802	91459
6	27804	41491
6	27804	52177
6	27804	67129
6	27809	66206
6	27824	48924
6	27824	54071
6	27824	60710
6	27846	93951
6	2789	33983
6	2789	81317
6	27905	4133
6	27905	57841
6	27905	85599
6	27928	61799
6	27928	83122
6	27939	32296
6	27939	55778
6	27939	72447
6	27939	94751
6	27971	18858
6	27973	3926
6	27978	56233
6	27978	93875
6	2800	51345
6	2800	75917
6	28023	9402
6	28033	86035
6	28090	38496
6	28090	97475
6	28099	79238
6	28100	55910
6	28175	59241
6	28186	30702
6	28186	42532
6	28186	92761
6	2820	22479
6	2820	29445
6	2820	47211
6	2820	73510
6	28209	67345
6	28310	37872
6	28310	42630
6	2833	34653
6	2833	3630
6	2833	41531
6	2833	7662
6	2833	79329
6	28333	54985
6	28348	41427
6	28348	64813
6	28348	82024
6	28358	66083
6	28375	40427
6	28430	50551
6	28430	51929
6	28430	61763
6	28522	65721
6	28522	99344
6	28523	75684
6	2853	10545
6	2856	7969
6	2856	91895
6	28579	63484
6	28579	91658
6	28602	64993
6	28629	2905
6	28629	41779
6	28646	38065
6	28646	53489
6	28658	56155
6	28701	46726
6	28746	57356
6	28765	44867
6	28768	10130
6	28768	55389
6	28768	63404
6	2877	78660
6	28787	34599
6	28787	37146
6	28805	35215
6	28813	94854
6	28851	63763
6	28851	78467
6	28869	78581
6	28869	90908
6	28874	36756
6	28874	9273
6	28898	67523
6	28898	78476
6	28898	93654
6	28901	90927
6	28924	47199
6	28929	38450
6	28929	88216
6	28944	63140
6	28944	81622
6	2895	54739
6	28950	8083
6	28952	41851
6	28952	69335
6	28952	75485
6	28963	54869
6	28963	75623
6	28993	86775
6	28993	90594
6	29010	38025
6	29014	72614
6	29097	66387
6	29097	67616
6	29105	37011
6	29150	33472
6	29150	68635
6	29150	87142
6	29155	50614
6	29155	72209
6	29155	78176
6	29189	30411
6	29190	38834
6	29190	57810
6	29236	97797
6	29260	96372
6	29267	40603
6	29267	48509
6	29272	4378
6	29272	92453
6	29280	32938
6	29280	57112
6	29283	52815
6	29302	3393
6	29302	43844
6	29302	59502
6	29302	9900
6	29342	58211
6	29342	8945
6	29371	3543
6	29375	35368
6	29385	41437
6	29385	74772
6	29385	75329
6	29385	86289
6	29426	31290
6	29442	48945
6	29442	61312
6	29471	40909
6	29471	43016
6	29471	69406
6	29471	7297
6	29496	97134
6	29525	11961
6	29525	7002
6	2955	10354
6	2955	98669
6	29561	43700
6	2960	31258
6	29657	1421
6	2967	13062
6	29707	37690
6	29710	76499
6	29717	3671
6	29750	25873
6	29750	48054
6	29780	47213
6	29780	68468
6	29797	25354
6	29797	371
6	29811	39987
6	29827	32246
6	29827	40393
6	29827	6334
6	29831	54333
6	29831	82326
6	29851	50697
6	29863	90196
6	29899	46077
6	29899	51764
6	29899	52014
6	29925	3829
6	29925	74611
6	29936	52182
6	29936	78306
6	29936	78556
6	29936	80887
6	29936	81583
6	29936	835
6	29965	7472
6	29965	77141
6	29973	2351
6	29979	49036
6	29989	6843
6	29989	89765
6	30012	44530
6	30036	75498
6	30054	60487
6	30054	65439
6	30054	93586
6	30141	63510
6	30172	68507
6	30225	53065
6	30245	33174
6	30251	63143
6	30351	42627
6	30388	37043
6	30436	46850
6	30460	36410
6	30463	46330
6	30529	61399
6	30534	39250
6	30550	11317
6	30565	58103
6	30587	12193
6	30587	57489
6	30587	59678
6	30605	35191
6	30610	46901
6	30643	35449
6	30643	53007
6	30643	94652
6	30662	54617
6	30662	68173
6	30680	67001
6	30693	97684
6	30732	80504
6	30794	63917
6	30794	78840
6	30883	70930
6	30900	9808
6	30909	63447
6	30909	7641
6	30966	86149
6	30987	95574
6	3099	98548
6	3099	98794
6	31020	62775
6	31038	49408
6	31038	68342
6	31038	75659
6	31055	88924
6	31107	17127
6	31107	73865
6	31111	80626
6	31125	43556
6	31125	62633
6	31167	15229
6	31213	15741
6	31213	96388
6	31227	50154
6	31233	59958
6	31237	43147
6	31242	31652
6	31242	42834
6	31258	54263
6	31263	66944
6	31290	54021
6	31290	79180
6	31292	24031
6	31292	60227
6	31292	98837
6	31307	49745
6	31307	95923
6	31333	28701
6	31333	66888
6	3137	32756
6	31375	89436
6	31387	21666
6	31387	98193
6	31416	18358
6	31416	58448
6	31444	70835
6	31470	64081
6	31470	81085
6	31475	12588
6	31475	39060
6	31481	49170
6	31495	40286
6	31496	12856
6	31534	70368
6	31534	71763
6	31534	72394
6	3154	9832
6	31581	32667
6	31581	96350
6	31637	58163
6	31637	74407
6	31652	54550
6	31656	35828
6	31656	73872
6	31681	44250
6	31698	11090
6	31698	83328
6	31720	49118
6	3180	66863
6	3182	49102
6	31888	36073
6	31894	74240
6	3190	64978
6	31947	5406
6	31963	7768
6	31966	83087
6	31977	55171
6	31977	75113
6	31977	79167
6	3200	36222
6	32109	96636
6	32134	63780
6	32139	50980
6	32139	82372
6	32159	5896
6	32179	78528
6	32191	68951
6	32246	94199
6	32398	61183
6	32449	89725
6	32451	99417
6	32471	8182
6	32505	96459
6	32548	41675
6	32554	82745
6	32577	36155
6	32608	13543
6	32608	77926
6	32638	68987
6	32661	31111
6	32667	34431
6	32668	77571
6	32710	50076
6	32757	37332
6	32757	74993
6	32787	41514
6	32787	88905
6	32797	978
6	3281	37919
6	3281	509
6	32844	39509
6	32856	95001
6	32856	96950
6	32877	45471
6	32877	55728
6	32877	57730
6	32889	72374
6	32899	42024
6	32899	91935
6	3291	75096
6	3291	9055
6	32918	9851
6	32986	99697
6	32988	8057
6	3299	37034
6	33039	13008
6	33039	82075
6	33056	94355
6	3308	71858
6	33150	52373
6	33150	90160
6	33150	96302
6	33163	10273
6	33174	7081
6	33175	3809
6	33175	78178
6	33224	49977
6	33251	98410
6	3327	85671
6	33278	2075
6	333	85264
6	3332	1081
6	3332	84341
6	33325	58888
6	33325	91507
6	33356	99036
6	33392	99718
6	33408	83554
6	33416	94813
6	33420	52591
6	33432	94860
6	33476	86612
6	33538	81691
6	3357	73195
6	33582	2732
6	33679	40723
6	33685	4622
6	33685	76987
6	3374	79424
6	33741	67228
6	33759	72532
6	33759	89607
6	3378	54843
6	33796	5906
6	33796	8491
6	33826	60176
6	33917	52768
6	33932	48523
6	33947	12023
6	33947	91797
6	33948	85854
6	3396	46130
6	33969	38474
6	33981	5592
6	33981	72550
6	34027	49620
6	34065	17535
6	34094	26153
6	34096	73118
6	34096	74754
6	34096	91656
6	34096	97952
6	34099	88236
6	34104	85061
6	34122	82144
6	34134	96356
6	34174	50550
6	34206	83395
6	34248	3966
6	34248	55767
6	34248	73799
6	34248	9326
6	34250	3606
6	34250	40453
6	34440	842
6	34492	38889
6	34499	53469
6	34499	68736
6	34499	81011
6	34507	57154
6	34529	62948
6	34559	59279
6	34570	55779
6	34599	72574
6	34602	63905
6	34602	66116
6	34610	55158
6	34610	72135
6	34630	45134
6	34677	44535
6	34677	57055
6	34702	60193
6	34761	87911
6	34786	94945
6	34793	66209
6	34838	45705
6	34838	98854
6	34910	91689
6	34933	41308
6	34933	92738
6	34986	66297
6	34986	92086
6	35012	60236
6	35029	97147
6	35191	95356
6	3520	54444
6	35247	45874
6	35249	57915
6	35276	48463
6	35276	87663
6	35335	47402
6	35335	49398
6	35363	66970
6	35363	84494
6	35592	2856
6	35608	42775
6	35631	36082
6	35631	65159
6	35682	72426
6	35701	44820
6	35760	83550
6	35762	78760
6	35762	89299
6	35801	72279
6	35828	42260
6	35828	51430
6	35897	76582
6	35897	95831
6	36054	78796
6	36054	79572
6	3606	37135
6	36121	57904
6	36158	74492
6	36241	95671
6	36241	99011
6	36291	12113
6	36322	10572
6	36322	62424
6	36386	53697
6	36410	94763
6	36437	41330
6	36516	39988
6	36524	99130
6	36577	77118
6	36603	78440
6	36611	95057
6	36649	95444
6	36672	91537
6	36707	57890
6	36725	5098
6	36725	95291
6	36766	56818
6	36832	62144
6	36845	97386
6	36891	10919
6	37051	57846
6	37056	87557
6	37056	96679
6	37066	62307
6	371	707
6	37107	65219
6	37175	81693
6	37175	85651
6	37194	76974
6	37229	44324
6	3725	44349
6	3725	46173
6	37261	69591
6	37261	77606
6	37270	57041
6	37314	81175
6	37377	82072
6	37377	85504
6	3738	23454
6	37395	54737
6	37454	46134
6	3748	78930
6	37498	67297
6	37500	48707
6	37500	68646
6	37502	89463
6	37610	66570
6	37682	28929
6	37719	62815
6	37776	41691
6	37776	47932
6	37776	69037
6	37805	48062
6	37805	82051
6	37805	88856
6	3795	70209
6	37958	74690
6	37989	5818
6	38025	92421
6	38081	62720
6	38098	99090
6	38099	53366
6	38265	16781
6	38271	83150
6	38351	95763
6	38375	30823
6	38464	91334
6	38478	7122
6	38496	76674
6	38520	63287
6	38618	60729
6	38643	82714
6	38653	12955
6	38686	58377
6	38714	8268
6	38759	67
6	38768	85727
6	38787	14852
6	388	75103
6	38802	42557
6	38823	79543
6	38846	46580
6	38854	48660
6	38887	14032
6	39067	99084
6	39088	18342
6	39088	68011
6	39167	54962
6	39262	17745
6	39292	85667
6	39341	36072
6	39350	40285
6	39429	77595
6	39429	99771
6	39436	67547
6	39457	15342
6	39560	85729
6	39565	84386
6	3959	78957
6	39599	46936
6	39697	1036
6	39702	82235
6	3975	12464
6	39894	74740
6	39927	16341
6	39992	87339
6	40039	99594
6	40057	81507
6	40159	64492
6	40195	89742
6	40233	77940
6	40235	51502
6	40276	12348
6	40282	68946
6	40393	73233
6	40427	4226
6	40427	53895
6	40453	67473
6	40470	85894
6	40599	6572
6	4061	87679
6	4074	2820
6	4074	95990
6	40751	63361
6	40909	94895
6	4099	48724
6	41090	12562
6	41104	17121
6	41155	97676
6	4118	86554
6	41207	31169
6	41207	49732
6	41256	51421
6	41325	73942
6	41404	50965
6	41412	12523
6	41466	10113
6	41467	78735
6	41501	1041
6	41501	99865
6	41610	83126
6	41684	52496
6	41691	42482
6	41738	7265
6	4176	89995
6	41786	36291
6	41840	48371
6	41876	15373
6	41905	55990
6	42015	83939
6	4206	18068
6	42198	85498
6	4226	56378
6	42374	91352
6	42461	87532
6	42461	8861
6	42482	53256
6	4254	62568
6	42625	93575
6	42698	85393
6	42714	72752
6	42717	74231
6	42775	71421
6	43015	65994
6	4306	43940
6	4306	60957
6	43075	58651
6	43075	68004
6	4309	15280
6	4329	21354
6	43290	8726
6	43290	88575
6	43321	60213
6	43360	97677
6	43396	43532
6	43439	62135
6	43549	52911
6	43686	6666
6	43687	72175
6	43716	87292
6	43725	99648
6	43766	88585
6	43775	97564
6	4378	66270
6	43844	76105
6	43909	47056
6	43924	6874
6	43944	66599
6	43983	25956
6	44191	72679
6	44262	58464
6	443	71116
6	44321	83342
6	44321	91810
6	44369	96091
6	44484	50876
6	44521	25288
6	44721	79990
6	44741	81326
6	44793	7911
6	44920	17570
6	45311	49793
6	45317	51916
6	45516	50939
6	45568	47307
6	45665	6645
6	45665	70982
6	4576	57439
6	45765	67187
6	45768	56028
6	45845	53269
6	45884	76053
6	46170	65916
6	46436	14231
6	46561	55337
6	46580	71316
6	46703	4732
6	46823	48046
6	46827	75827
6	46901	92326
6	47	10954
6	47012	94893
6	47211	50142
6	47270	93904
6	47488	28796
6	4757	63749
6	47648	66891
6	4857	59429
6	49027	83594
6	49040	95816
6	49296	67226
6	49297	86130
6	49339	99941
6	49408	76631
6	49684	14137
6	49870	96718
6	50199	84502
6	50371	86144
6	50687	13342
6	50847	86854
6	5088	98675
6	5109	63364
6	51239	16843
6	51583	96912
6	51879	57855
6	5213	63292
6	52359	55753
6	52478	29561
6	52607	15456
6	52679	88282
6	52884	80033
6	52911	58231
6	53009	98830
6	53042	53820
6	53042	56957
6	53187	78235
6	53312	78640
6	53740	27502
6	54142	86855
6	54189	84435
6	54530	57177
6	5463	93639
6	54845	74515
6	55397	28523
6	55456	72450
6	55811	82668
6	56001	38098
6	56039	26710
6	56746	87875
6	56851	12932
6	56853	93282
6	57019	90521
6	57603	61077
6	57874	82117
6	61211	65138
6	61312	81076
6	6155	79519
6	63009	90084
6	63921	7604
6	64946	67323
6	65141	10472
6	65675	98802
6	65760	90560
6	67566	8420
6	68031	96880
6	72002	97699
6	85775	10558
6	89170	92395